/*--------------------------------*- C++ -*----------------------------------*\
| =========                 |                                                 |
| \\      /  F ield         | OpenFOAM: The Open Source CFD Toolbox           |
|  \\    /   O peration     | Version:  2412                                  |
|   \\  /    A nd           | Website:  www.openfoam.com                      |
|    \\/     M anipulation  |                                                 |
\*---------------------------------------------------------------------------*/
FoamFile
{
    version     2.0;
    format      binary;
    arch        "LSB;label=32;scalar=64";
    class       cellSet;
    location    "constant/polyMesh/sets";
    object      concaveCells;
}
// * * * * * * * * * * * * * * * * * * * * * * * * * * * * * * * * * * * * * //


1135
(
16402
16406
16408
10265
10266
8224
8226
10275
8230
10285
8254
8260
8262
10316
10317
10318
81
22612
8277
8278
88
89
8283
94
10339
8292
8294
8297
8300
8301
6254
8302
6256
8304
6257
8305
6258
8306
6262
6263
16504
123
126
22655
22657
8321
6274
22659
131
22661
22664
16528
16531
16534
10390
10391
16536
16538
16539
6299
6300
6301
6302
6304
6305
168
6316
8364
192
196
197
10441
10442
10443
205
206
8399
8400
209
8401
217
10457
6372
10468
10469
6376
6379
239
10482
243
10483
10493
10494
20735
20736
258
10503
10509
6423
10521
22810
10522
20763
10523
6435
10531
10532
6437
14634
10538
14636
10540
6458
6459
10556
10558
6468
325
10566
10567
6472
14665
329
6473
6474
6475
8524
8529
8530
6483
8532
22869
10584
8537
6490
8538
10586
6491
6497
10594
10596
10597
10598
359
10608
10609
10610
10611
372
10612
22903
22904
22905
22906
22907
22908
22909
387
6533
22918
8582
6536
8584
6537
10636
8592
6546
8594
6547
8597
10648
10649
10650
8603
416
8608
8611
427
10667
10668
10673
10675
8629
10677
439
8632
441
446
451
8649
6602
10705
466
10706
6611
6612
10708
6613
6614
10713
476
8668
477
10717
8672
10723
10724
8677
10725
10726
8682
8684
10732
494
498
8691
4597
6645
8695
10744
506
6650
2555
4603
6651
10747
2556
10748
4605
4606
8702
8707
8712
10761
10763
8717
8718
8721
8724
10772
10774
8729
8733
21022
10782
10783
544
8736
545
546
550
551
553
10793
554
10795
556
8748
557
6703
10799
10800
8756
10810
8763
10812
10813
21054
10814
575
12863
12864
12865
21058
579
10820
21061
12869
21062
12870
10823
12872
10825
12873
587
589
592
10839
600
4698
4699
4701
10845
10850
10851
4708
10852
4710
615
10860
10861
623
625
626
631
10871
632
10879
10880
641
21122
642
21125
653
654
655
21136
21140
6806
10902
6807
668
671
10911
674
677
682
683
684
685
688
10930
10931
23220
8884
10932
8887
8891
8895
21185
8899
21188
21190
21192
21194
10956
10957
10965
10966
21209
10970
10971
10978
10985
751
752
754
755
757
758
764
8968
13067
13076
11030
11031
21276
11039
11040
21282
11044
11045
21286
13096
13097
11051
11059
9016
13112
19271
21324
11086
11087
21330
13138
11095
11096
9049
11100
11101
11107
9061
19303
872
873
2921
11115
877
878
9072
9078
13179
9084
11135
11136
13188
13191
11144
13192
11145
11149
11150
9106
11156
11163
9127
15280
15286
950
15287
951
952
15290
15291
957
15294
958
15295
959
15297
9158
21447
9165
9184
15334
9191
15341
15342
21489
21490
15346
21492
21495
21496
21497
21498
15356
17409
21508
9220
21510
9227
21519
21521
21523
15389
15390
9246
15397
9253
21542
21543
21545
13359
17458
17459
17460
17462
15415
15416
9272
17465
9273
9274
9275
13371
13374
5187
5188
5189
5190
5191
5192
13385
13386
13387
13389
13390
13393
13394
17493
13397
17494
5206
13398
17495
5207
15448
5208
17497
15449
5209
5210
13402
5211
13403
17500
5212
9309
13405
1119
5215
13407
5216
1121
5217
5218
9314
13410
5219
9315
13411
5220
13412
5221
5222
9318
13414
5223
9319
13416
9322
1131
13419
1132
1133
13421
1134
1136
13424
1145
9344
9345
9354
13451
13454
15504
13456
9361
17556
17557
17558
13462
21656
17560
13464
21657
17563
13467
9373
15518
9376
15521
15522
15523
9379
15524
9380
9382
13481
9392
15539
9397
17591
15543
17592
17593
17595
15547
15548
13500
9405
17598
15551
13504
15553
5313
15554
15556
15557
5322
5323
13515
15565
13518
17619
17620
5332
17621
1238
17623
1240
13528
9433
5340
13532
15581
17633
13541
15592
13547
13550
13552
15607
5367
13559
13560
1275
9467
1276
1278
1279
9474
1283
1284
15623
13575
1288
1289
5385
3341
1294
9489
17682
17683
15635
3347
17684
15636
15637
17686
15638
3350
15639
9495
13591
13593
13594
5403
13595
3356
13596
21789
13599
17696
13601
21794
15651
21796
15652
13606
13607
21800
13608
15657
9513
13609
21802
15658
15659
3372
1325
9517
1326
3377
3378
3379
3380
17717
1333
3381
17718
17719
3383
17721
3385
1338
5435
3388
3390
5438
3391
5439
3392
3393
3394
5442
13634
17731
13635
13636
13637
1351
13639
1352
13640
5450
9546
13643
1356
13644
1357
1360
1361
9553
1366
21848
21849
21850
5466
5467
15709
5472
1378
9571
1381
1384
5480
13672
21865
1385
13673
21866
5482
13674
13675
1391
1392
21875
17780
1396
21877
17781
17782
17784
5498
13690
5499
13691
21884
13692
13693
1406
17794
13700
13701
13702
13704
1420
13710
13711
13712
1425
13713
21908
1428
1429
1430
7577
1434
15772
5532
21917
15773
7581
21918
7582
13727
5536
7584
13728
15777
13729
5538
7586
7587
1445
13733
13734
13735
1449
1450
5546
15787
5547
5548
1453
13741
1454
13744
13745
13751
9656
13752
13756
13758
13759
13760
9666
15823
21970
15826
13778
13780
5592
21977
15835
15836
15837
13790
13792
5600
9700
13797
13798
21992
13800
21993
13806
15855
13808
13809
13810
13811
22004
13812
22006
5624
13817
13821
13822
5630
13823
5631
13824
5634
5635
5636
15878
9734
15879
7687
7688
15881
5642
22027
15884
1548
5644
5646
15887
1551
5647
15888
13840
1552
15889
13841
5649
5650
22035
15891
1555
5651
13844
1556
9748
15893
13845
15895
13847
15896
13848
5656
5657
5658
15899
13851
15900
13852
22057
9769
22058
5674
5675
22060
22063
5684
5685
5686
9782
5687
15929
3641
22074
22075
22076
22077
15935
5695
5697
3650
7751
22095
5711
22097
5714
22099
5716
5720
22106
9819
22108
22109
22113
22117
7782
22119
9833
15982
15983
7791
15985
15986
3699
3700
3702
15991
3703
15992
15993
3705
3706
9850
3708
3709
15998
1663
16000
16002
1666
22147
5763
22149
5766
5767
16008
5770
5771
16012
5772
16019
22166
11926
22167
5784
5785
11934
9893
7850
11955
9908
11957
3766
3767
3773
3774
9924
3781
9925
3782
9926
3783
9927
7881
7882
3787
3788
9932
7886
7887
11984
3794
9938
3795
9939
9942
9943
3802
3803
3804
9949
1758
3808
3810
1765
9957
1766
3815
1769
3817
1770
9965
3823
9967
3824
3825
9969
9972
3829
9973
3831
9977
9979
3836
1789
1790
3838
1793
3844
9988
3845
3846
5895
7945
1809
1810
3858
5907
3861
7957
1814
7958
1815
7959
7960
1817
7961
1818
7963
10011
3868
1821
1822
1823
3871
3872
1826
1827
22308
1830
1831
16168
3889
10034
3892
16184
3904
10048
3912
22345
16205
10062
16207
3919
10063
22354
16210
16212
22357
10069
10076
10077
16225
16226
16227
16229
10092
10105
22394
10106
22395
22404
22406
22409
22411
22412
6030
22415
6031
22416
22421
22422
22426
22427
6043
22428
6044
10140
6045
10141
10149
10152
10153
10154
22454
10167
22456
10168
22458
22460
22461
22463
22466
22469
22470
1990
1994
20429
22479
8152
8153
8155
8157
8158
)


// ************************************************************************* //
