/*--------------------------------*- C++ -*----------------------------------*\
| =========                 |                                                 |
| \\      /  F ield         | OpenFOAM: The Open Source CFD Toolbox           |
|  \\    /   O peration     | Version:  2112                                  |
|   \\  /    A nd           | Website:  www.openfoam.com                      |
|    \\/     M anipulation  |                                                 |
\*---------------------------------------------------------------------------*/
FoamFile
{
    version     2.0;
    format      binary;
    arch        "LSB;label=32;scalar=64";
    class       cellSet;
    location    "constant/polyMesh/sets";
    object      concaveCells;
}
// * * * * * * * * * * * * * * * * * * * * * * * * * * * * * * * * * * * * * //


4788
(
81921
24581
7
11
40972
24589
40973
24590
40974
81935
24591
40975
24592
81937
18
40978
19
81940
40981
40982
40983
25
81948
81949
40992
33
40993
81954
81955
16423
90152
43
90156
45
46
47
55
81977
57
81978
81980
60
81984
24640
81985
24641
65
24642
24643
49219
24644
90181
81989
24645
49221
90183
81992
81993
81994
74
81997
24655
82000
82001
90195
82003
24659
83
24660
84
41044
90198
24662
41046
24663
41048
41049
24666
24667
41052
24669
41054
41055
41056
97
98
41059
41060
41061
102
41062
82024
105
90221
24685
24686
90223
49266
16499
49267
24692
117
118
24695
24696
90233
90234
82043
90236
90237
41087
90240
90241
90242
90243
82051
90244
82052
90245
82053
82059
139
82060
82065
24724
49300
82069
24725
82070
24733
82078
24734
24735
82080
24736
24741
24743
167
82088
24744
24745
174
82095
82096
82097
41141
41142
41143
188
24768
24771
82116
24772
196
24774
82123
24779
82124
24780
82125
24782
24783
8400
8401
8402
8403
8404
8406
8407
24793
8410
24795
8411
24796
24803
24805
24809
49385
82154
24810
82155
82159
82160
244
24822
24823
24824
251
24829
24830
24831
24832
82177
82178
24834
82180
82181
265
24843
267
24845
8463
24848
24851
24854
282
24860
284
24861
285
24862
24863
8483
24868
24869
49445
24870
49447
24872
49448
49449
49450
24892
24893
318
82244
82246
24903
328
24905
24909
24910
24911
24912
24913
24915
74073
74074
346
74075
49501
49503
74081
49505
24930
24931
355
49507
24932
24933
49509
24934
358
24936
360
49513
363
16759
375
16760
16761
49534
49535
33152
388
82309
82313
16781
16782
16783
49551
16784
49553
82322
16788
33172
33173
49557
82327
409
410
41381
49573
41383
49576
41387
41388
429
41389
430
41391
432
33200
33206
33209
457
458
461
465
467
49623
82393
82395
485
16872
33261
49645
33269
33270
33271
33272
49657
49663
33281
25090
25091
16899
25092
16900
49668
16901
16902
49670
82439
33287
49671
33288
82441
25097
33290
25099
33291
33292
33294
49678
49679
74256
74257
33297
74258
82453
82457
33308
49692
57884
74270
74271
74272
49697
33317
49701
49702
49703
555
49708
25134
558
49710
25135
49711
25137
25138
33332
82485
16949
33333
25142
16950
25143
16951
33335
16952
33336
41528
49721
25146
33338
41530
25147
25151
57921
49737
33361
25173
25174
25176
49752
41561
49753
33371
33372
57948
33373
41566
41568
41571
57957
57958
41575
41577
41578
57962
49773
41585
33394
41586
41587
33399
33400
41592
641
645
33417
49801
33420
49804
653
82575
49823
41633
8868
49832
682
683
684
49836
33455
33456
49840
8882
33458
33460
693
33462
33463
74424
696
33464
8889
33465
699
33467
700
33469
8895
33471
705
706
8901
49861
74443
33486
33492
74454
727
730
732
74462
74468
741
742
49894
743
49895
49896
746
49898
748
749
33517
33521
74489
762
8957
49920
74497
74498
49922
74500
74503
776
777
781
786
74516
74517
74519
58136
74521
793
74523
798
58142
74527
74528
74529
74530
58147
804
74533
8999
49959
49963
49964
49966
49971
58169
58175
9024
58176
41793
49985
41794
41795
41796
41797
49989
82758
49990
49991
82760
82761
49993
82762
82763
41805
846
58191
41808
41809
82770
50004
9045
50005
82774
50007
82777
9050
82779
9052
9053
9057
82786
50019
82789
82790
50025
50028
882
887
58231
9093
58245
33670
50054
9095
140170
906
9100
9104
33682
50066
66451
50067
33685
140182
140183
33688
66457
33689
33690
33693
9120
9121
9122
9123
33702
936
33704
937
940
942
943
25523
25524
25525
25531
82878
9151
82880
9158
9160
968
82890
9162
970
82891
82892
9168
17361
17362
140243
140244
82900
74708
9172
50133
74711
74712
50136
140250
986
140251
82907
987
140252
82908
74716
50140
140254
74718
990
991
82913
140258
82914
82915
58339
58347
58354
58356
58357
82934
82939
82940
91134
91137
91141
58373
91142
82950
91150
82962
82964
82965
82967
1052
1053
1055
58401
74787
58404
74789
1061
74790
58406
9255
58407
9256
9257
33835
33836
9262
1070
9264
74801
74802
74803
9270
58422
1079
1080
1081
9275
74812
58428
74813
9278
50238
9280
74818
91203
74819
91204
9285
1093
9286
91207
9287
1095
91209
9289
1097
50249
1099
9293
1102
58452
50262
74843
74844
74845
74846
9313
74850
9314
9315
42083
42084
42085
42086
33895
42087
42088
1130
50283
33900
50284
33901
42093
50285
42094
58478
42096
58481
9334
50294
50297
1146
50300
58492
1150
50302
1151
25728
1152
25729
1154
50306
58498
25731
1155
50307
9348
9349
9350
58502
1160
58504
1162
33930
1163
50317
33934
58511
9360
1168
50320
9361
50322
9363
58515
58516
1173
1176
58521
9370
1178
9371
50331
1180
50332
50333
58526
9376
33952
25761
25762
83108
25764
42148
58532
25765
83110
9382
42150
33959
58535
25768
9384
58536
25769
9385
33962
42154
83115
83116
83117
1197
1198
50350
74929
25779
9395
42163
74932
25780
33972
74933
42165
74934
74935
74937
25785
33978
42170
42171
42172
50364
42173
25790
58558
25791
83137
25793
83138
25794
33986
83139
9411
83140
25796
58566
74951
1223
50375
50376
83145
9417
9419
58571
74956
74957
1232
1235
34005
83158
83159
50392
1241
1242
50394
50398
50400
34018
50402
50403
50407
1260
1261
25838
25839
25840
1264
1265
1267
25844
1268
25845
50421
25846
1271
83192
25848
1272
83193
83194
25850
34043
50427
50428
91389
34047
1280
50436
83206
58632
91401
9487
1295
34063
34065
1298
83220
1300
91413
58645
91414
1302
1306
1307
1308
34078
91424
34080
1313
1314
50467
91429
1319
50471
83243
58678
1338
1339
1340
1341
34109
1343
34111
42305
1348
42309
1351
83273
58697
91467
50508
83277
83280
50518
58710
1367
83288
50520
83291
58715
83295
58719
58722
83299
34147
1386
34154
1388
1390
1393
58737
91506
1394
1396
75127
50557
1407
25985
50561
25986
25987
1412
50564
75142
50566
75144
34184
75145
25993
50569
25994
25995
1419
75148
50572
75149
50575
34192
34193
75156
50580
50581
58773
58774
26007
50585
50586
1436
50589
83358
1438
75167
26015
1439
26016
50592
83361
50593
83362
26019
83364
34212
83365
26021
9641
50601
50603
83372
1454
75183
75184
1456
1457
1458
26038
9654
26040
75194
75195
26043
1467
75196
75198
26046
26047
9667
67013
1477
9670
50630
1481
67020
91597
67021
1486
91599
50641
50643
50645
50646
91614
1502
75231
1503
50655
75232
75233
1506
1508
1510
34278
50662
50664
1513
9706
50667
1516
50670
50672
1521
50673
1523
9719
9720
1529
58876
58878
58881
34306
50691
1540
58889
50707
50715
58907
1564
58908
1565
1566
1568
67105
67106
1570
67107
67108
26148
50724
26149
26150
1574
34343
50727
58919
50729
50730
1579
50731
91692
91693
50733
50740
67126
67127
67128
50744
50745
67130
58938
50747
1598
26178
26179
1603
67140
1606
26183
26184
26185
58953
58961
1618
1621
58965
1622
58966
58967
1625
1626
34394
1629
1631
1632
50784
58976
50785
58977
58978
1635
1636
1637
58982
58983
1641
34410
1646
1647
1650
58995
34426
59003
1660
1661
59007
34432
50817
1666
50818
1668
1671
50824
59016
50825
59017
1674
59018
1675
1679
1681
50836
1685
50837
50841
1690
50843
91806
59038
59039
50848
59040
59041
26281
50859
34476
1709
1710
59054
1711
59055
26288
50865
50867
34485
50870
1726
59070
1727
1728
59072
1729
26307
50884
34501
50885
1734
1736
1737
50889
1738
1742
26319
1746
1749
50901
26326
42710
50902
26327
42711
50903
91864
26328
91866
26330
1757
50909
59101
1759
50911
50912
59104
50914
26340
50916
59108
1766
50918
26343
1769
59113
1770
50922
1771
50923
59115
50924
50925
1775
59120
1778
50930
1781
50933
1782
1785
50937
26362
50939
34556
26366
26367
1791
50944
26369
26371
59142
59143
34570
50955
26380
26384
50960
26385
26387
26389
26394
59162
26395
59165
26399
50976
26401
26402
50983
59175
26412
50988
50989
50994
34611
26420
34612
91957
26421
34613
50997
34614
34617
51002
83772
51005
34622
34623
51007
59199
51008
59200
34625
51009
34626
51011
51017
34634
34636
34637
34639
34640
34641
51025
51026
51029
51031
1884
1885
1887
51039
1891
51043
51046
34663
1898
34667
51051
1901
34670
51054
34671
1904
51057
59250
51060
59258
59259
51068
59261
51070
1919
51071
51072
1924
1925
59271
51081
1931
59276
34706
51091
34711
59289
34717
59296
51106
51107
51108
34727
59306
51120
59312
51122
34744
51137
34756
51141
51144
51145
51148
51150
51152
51154
51155
59352
34778
34781
51171
59364
51174
59366
26600
59368
26602
26603
26605
51188
51189
51192
2041
2043
2045
92158
2046
51198
92159
51199
2052
2053
2062
2066
2068
2070
2073
51225
51228
34848
34850
26663
51241
26667
26670
51246
26671
26672
26674
26675
26676
26678
2116
59464
59468
10321
59476
59479
10330
51290
59482
10331
10332
51292
10333
51295
116836
116844
116845
34934
59517
2181
2183
59527
59528
26761
2185
59529
26762
2187
59531
2188
59532
2190
59534
10392
26779
59551
59553
10405
26791
26794
26795
34988
59564
34989
26798
26800
26801
26804
2229
2230
2232
26810
26811
2237
2240
2241
35010
35015
92361
35017
2250
35018
2251
35019
26828
26829
2256
2257
2259
2260
2263
75993
35033
26844
76001
35044
35046
51431
35048
51432
35050
51434
35051
35052
59629
51438
35055
51439
59631
35056
59632
35057
59633
59634
2291
59635
2292
51444
35061
35063
35067
35068
51454
51455
76033
51457
76035
51460
35077
51461
51462
35081
51465
35082
35083
35084
35085
35088
84241
84242
35090
51474
84243
84244
51476
51478
51480
35097
51481
35098
59674
51483
84252
59682
59683
59686
84263
84264
35112
84265
35128
35130
35131
35132
35137
35138
59718
59723
59726
59728
59729
92498
59730
35155
92501
35157
59736
59739
59740
59747
51557
59749
51558
35175
51560
51565
51567
51569
35186
35188
84342
84343
84345
51578
59772
59773
35199
35202
51591
141704
84363
2443
84364
2444
84365
51599
2448
2449
51604
35221
51605
35222
35223
35224
35225
141722
35227
35233
35234
35235
84391
84392
84393
51633
35254
35255
51639
59831
35256
59832
35257
51641
35258
59834
51643
141759
141762
59843
141764
59844
84423
84424
84425
84426
59850
84427
84429
59853
35279
35281
51668
92630
92631
92632
92633
35290
84444
35292
84445
84446
35294
51678
84447
2528
84449
84450
51682
2532
2534
18922
18923
51691
35308
2541
35309
35311
51696
59888
59889
59890
2547
35317
2552
35328
35329
35331
59909
18952
18953
35338
35339
35340
2573
35341
2576
59923
2580
59924
59925
35359
59935
35360
59936
35361
59937
35362
2596
35366
2599
35367
59943
141864
35368
35369
141866
59948
84525
59950
18992
18993
141875
141877
141878
18998
141879
18999
19000
19001
19002
84539
35388
35389
19007
2623
35391
19008
2627
2632
35400
19017
35401
19018
2634
2635
2636
35404
2638
35406
35407
35408
35409
19030
2646
19031
19032
2649
2650
35418
51806
19039
35423
19040
35424
51808
19041
35425
60002
60003
19044
60004
51813
60005
19047
51816
10859
60011
60013
2672
2674
43638
43639
43640
43641
43642
2686
2687
2688
43650
43651
51845
43656
43658
2700
2702
2709
10904
43673
10906
10911
2719
2720
60069
51878
51880
10926
43696
10930
10932
43700
10934
10935
43707
10941
43717
43721
10968
10972
2780
10987
2795
27374
10992
10995
10999
43767
11002
11005
11006
11010
11011
11015
2834
51986
51987
11029
11030
2838
2839
51991
2840
51992
11033
51993
2842
2843
2845
11038
51999
11041
52003
11044
52004
11045
11047
2856
11050
43822
52022
52036
60230
60231
11080
11088
60243
60244
11093
60245
2902
11095
2904
2909
2910
2911
60263
60267
60268
43888
2931
11124
2932
2933
2934
11130
60287
60289
2946
60290
60291
43911
43917
2958
2960
11155
52115
52117
52129
11170
52130
2979
52131
2980
2981
11176
11190
52150
52152
52159
43969
52161
52162
52163
52168
43977
52169
52170
43979
43980
52172
52173
43982
43985
43988
43989
52185
43994
11230
43998
43999
11232
44000
11233
44001
11235
44015
44017
44020
44024
44025
142334
44031
52223
11266
52228
52229
11270
142343
142346
142348
142349
44045
52239
11281
44049
142354
142356
52244
52246
142359
52247
52249
11308
11309
11311
11318
3127
3129
3130
3132
11325
3133
3140
11343
11344
11345
11347
11351
11352
11355
11358
11359
11362
44133
85101
44145
44152
11388
44161
44163
11401
11403
44171
44184
44185
44186
44187
85148
44189
11422
85151
85152
52390
44199
52391
44200
52392
44202
3246
85169
44217
85182
85198
85205
11478
11481
44250
60641
60642
60643
85233
52465
85234
60658
60659
52468
60660
52469
60661
60662
52471
60663
85240
85241
11513
85245
60669
85247
52486
52493
85262
85266
85268
85273
36123
85277
44326
85287
44327
85289
85291
85292
85295
85297
11569
142642
142645
85303
11589
85319
85320
142665
142666
44362
44363
85327
11612
11613
11614
36192
11617
36199
44392
36201
44393
68970
11631
85361
85364
52602
44411
85372
52604
52605
44416
52608
85378
85379
85384
44424
85385
44427
52619
85388
11662
44430
52622
11664
85394
85395
11668
11669
60822
60823
85400
85402
11674
11675
60827
60829
60830
60831
85409
11685
44453
85414
44455
85417
85418
85420
44464
85425
11698
85427
118196
60852
118197
85429
11701
44470
11703
118200
60856
118201
11705
11706
118203
11707
118204
11710
11711
60864
44481
118210
60866
118211
44483
60867
60870
60876
60877
44496
44500
44501
11740
28125
44509
44512
44513
44514
44516
60900
60901
11751
44523
60908
11757
60909
60911
11761
60914
60915
52725
60917
60919
11768
44536
60920
44537
60921
44538
60922
60926
60934
60938
118286
11793
44562
60946
44563
3605
3608
60953
60954
11803
118301
60957
11806
11808
3616
11810
3619
118308
3623
44583
44584
118315
3627
118316
69164
69165
11822
69167
11824
77361
77363
69171
77366
44602
44603
11837
11839
11841
60993
11842
60995
77380
11844
60996
77382
77383
60999
77384
69193
11849
61001
77386
69194
61002
77387
77388
77389
77390
77391
11855
77392
69200
69203
61012
69205
61013
69206
61014
61018
69212
20060
69213
11870
61022
20063
11875
11876
118373
20070
61030
118375
69223
118377
69226
69227
69228
69229
69230
69231
69232
69233
69234
61042
69238
69239
69240
118393
69243
20094
118399
61055
69248
69249
61058
69254
20122
20123
11933
11934
11943
11944
61104
61111
61130
61132
61133
11985
11987
61139
61142
11994
61151
61154
61155
61158
12009
61163
12014
61200
61202
61203
61208
20249
61209
61210
61212
20253
20257
20259
20261
61221
61222
61223
61224
12074
44850
3891
3892
3893
61237
3894
61239
61240
12089
3899
3900
3901
20288
61248
61251
20292
61253
12102
53062
61254
20297
12112
53072
61264
12113
53073
61265
12114
53074
61266
53075
12117
12120
53083
12126
12127
12128
53088
12129
53089
12130
12136
12137
20331
61291
61295
20336
12145
61297
102258
102259
12147
102260
102261
61302
102265
20345
20346
102267
61309
20352
61312
61313
61314
20356
20357
61317
28553
12169
28554
3978
3979
20364
3981
20366
61327
61328
28561
61330
28564
28566
61334
28567
61335
12184
12185
61337
102300
28572
12188
61340
102301
12190
3999
61343
4000
53152
61344
4001
53153
53155
28583
20391
12199
61351
102315
12205
4013
4014
12207
4015
12210
12214
12216
28601
12217
53180
53181
53182
77760
28609
28610
28611
77765
77766
28614
28615
61383
61384
61385
20427
20428
20429
53197
20430
53198
20431
53199
20432
12240
53200
20434
12245
20438
12246
20440
12248
53208
20441
20442
53210
61403
61404
61405
12258
20451
61411
28644
20452
28645
20453
61417
61419
61420
20461
12269
28656
61424
28658
28659
12275
77812
12277
12279
61431
12280
20473
12282
20475
12283
61435
28669
61438
77826
61453
20494
61454
20495
118800
20497
61458
20499
110612
20500
61460
110613
61461
12315
118812
12318
110623
20511
20512
118817
28705
118818
28706
12322
61477
61478
12328
61480
61481
12330
53291
20528
77875
20531
20532
12340
61495
20536
61496
12346
20539
61499
61500
20541
61501
61503
77888
20544
12352
77889
20547
12356
12359
61511
20552
12360
61512
20553
61513
61514
12363
20556
12364
77905
61522
61526
77911
12376
61530
61531
28764
28765
61533
28766
61534
12384
77924
12388
77925
12389
77926
12392
61545
61546
61549
61550
61552
77939
12403
12407
77944
61561
61562
12411
4221
12414
4222
4223
4224
77953
4225
4227
77956
77957
61573
12422
12423
12424
20618
4234
20619
4235
12429
4237
20622
61582
77967
20623
77968
61584
20625
12433
20626
61586
61587
12436
61589
61591
20632
12441
61594
61597
61602
61603
61604
12452
61605
12453
61608
12456
12458
77996
12460
12463
12466
78004
20660
20661
12469
12470
12473
12474
12476
12477
78015
12479
78017
78019
12483
12484
78021
12485
28871
12487
28872
12489
12494
12495
78034
78037
78040
78046
78051
12515
78053
12518
78056
78057
12526
12527
12529
12530
12531
78069
78070
78072
28920
12536
78078
78085
12553
78090
78091
12558
28945
12562
12564
12569
12570
12571
78114
78116
69924
78117
78118
12586
12592
78129
78130
12602
78140
12604
78141
78142
12607
12608
78147
12611
78148
12612
78149
12614
28999
20809
20810
4426
69963
20811
4427
12620
20817
53585
4434
69971
29011
4435
29012
12628
12629
78168
12632
4441
78170
12634
4442
78171
78173
78177
12642
29027
78182
12647
4455
78184
12649
4457
78186
29034
78188
4461
29038
12654
4464
12657
4465
78196
12660
78198
29047
12663
29048
29049
4474
4475
78204
4476
4477
78207
12671
86401
12673
29058
12674
86403
12675
86404
78212
86405
78213
78214
29062
53640
53642
12684
78222
78224
53651
53653
86422
78230
12694
86423
29079
86424
78233
29082
86429
12707
29092
12708
12709
53669
12725
70070
29111
29112
12728
70074
4540
4541
12735
4543
12736
4546
53698
4547
4548
53705
12746
4557
53709
4558
45518
53710
61903
61904
4560
61905
45523
12756
4564
29141
12757
4565
45525
61910
29142
20950
29143
20951
20952
4568
29145
4569
61914
12763
53723
29148
12764
53724
4573
29152
12769
4577
12771
45540
29157
12773
29158
4583
29160
4587
29166
4590
29167
4591
29168
29169
86514
86515
4595
86516
12788
86517
29173
29174
12790
12792
61945
29177
4601
86522
12794
86523
86524
4604
86525
4605
78336
78337
4610
29189
4615
78344
78345
78347
78348
61966
4626
29203
45588
61973
29205
45589
4630
45590
61975
29207
61976
29209
4633
45593
61978
4634
29211
61983
45599
94753
78369
78370
45602
45604
45607
78376
78379
4651
78380
45613
45614
45615
86576
86577
86578
62002
29234
4658
86579
62003
29235
4659
4660
45620
29237
29238
86583
62009
62010
45626
45627
62013
62014
45630
62015
45631
78400
78401
45633
78402
29250
62019
29251
62020
45636
62021
45637
29256
4681
29258
4682
4683
4684
29261
45645
29262
4687
45648
45649
4692
29272
29273
45657
29274
29277
29278
45662
29279
45664
12897
45665
12898
45666
45667
29284
12900
29285
12901
12903
78442
78443
78444
78449
78450
78451
29301
29302
45686
45687
29304
29305
45692
29315
29319
29320
29322
4748
29331
29332
29336
12956
29342
29344
29345
29346
21165
21166
12978
12980
12982
12984
12985
12987
62153
62154
62157
62158
62173
62174
62178
62179
62180
70395
70399
70401
70402
70403
70404
70405
70408
29465
29466
78620
29468
29469
29476
29478
29479
29480
29484
29485
4916
13110
13111
13113
29500
29501
13117
127806
13118
4927
127809
127810
127811
13123
13125
13126
13127
78664
13130
29515
29516
78669
13133
37709
127822
13134
127823
127824
29520
13136
29521
29528
29529
29530
127849
127850
127851
127852
4983
4984
13187
13188
13190
13194
127884
127885
127886
29583
127888
29584
13202
13204
13206
29596
29597
29598
37803
13228
13229
13234
127923
13235
127924
127925
127926
13253
13254
13258
13259
13262
13263
13264
13266
78804
13268
78806
13273
13277
78818
78819
78820
78821
78822
78824
119790
119793
95225
13306
95232
78850
21543
46121
13354
46122
13358
46126
46127
21556
13367
13371
62525
46141
21566
62532
62533
62534
21576
21580
78932
21588
21595
29800
119926
119929
119930
95358
21630
62602
29835
62605
62606
70804
128149
21655
62616
62617
62618
128157
70813
70814
70815
119968
70816
119969
119970
119971
128164
119973
128171
13486
13488
70842
120003
70851
120004
70852
120005
120006
120007
70859
70861
21716
70871
70873
120029
120030
120031
21731
21732
21753
70906
70907
70908
70909
70910
70911
21759
128256
128260
128261
70925
62734
62735
13583
62736
13588
62741
62742
62743
13592
29977
13593
21786
21787
29980
21788
79134
29985
29986
29988
21797
54565
54566
29991
54567
29992
54568
29994
13611
21806
21807
21810
54579
21816
13625
54585
54586
54587
128322
128326
103750
79176
128331
103755
128332
21836
128333
21839
21840
128342
103768
21850
128347
21851
128348
128349
103776
128355
62823
128360
62824
128361
62825
128362
128364
128365
62830
62832
103796
128374
128375
128379
13691
13692
13697
128387
13699
128392
103816
128394
13706
13708
21901
13709
13710
128401
128407
128408
13722
13723
13724
13726
21919
103845
103853
21941
21942
21943
13754
13755
21960
21967
21971
13781
13782
13783
103902
103903
21983
21985
21986
21987
21988
21989
120299
21997
120303
21999
120304
22002
22004
22007
120315
22012
120317
120318
120319
103942
103943
62983
103944
103945
22026
62988
13871
13876
13877
22074
22075
22077
22078
13887
13892
13894
13895
22089
13897
22091
22092
22093
120402
22098
22100
120407
22103
22104
95843
120420
87655
120424
120425
22121
22122
22123
30315
71276
30316
71279
120435
87668
120438
22140
22141
22142
13956
22155
22156
22158
22159
120469
120473
22169
22170
71323
13980
22173
13981
120478
120479
22175
120480
22177
22185
46761
22186
22187
13999
14000
14001
95922
14002
22195
46771
46772
22197
22203
46781
22206
14014
14015
22208
22209
54977
14018
54978
46787
54979
46788
54980
14023
14024
54984
14028
95970
79604
79606
79609
79610
38650
79612
38655
79616
38657
79618
79620
79627
38667
38670
120593
79633
38679
120600
79642
79643
38685
79646
120607
79651
120613
120614
79657
38697
55082
79659
55083
79660
79663
79666
79669
79673
96066
22338
22339
22344
79689
22346
22347
22348
22349
22350
63311
63316
22357
22358
79703
71515
22373
22374
63337
63338
22378
79723
22379
96108
22386
22387
22388
38773
63351
63352
63355
63356
63357
63361
79748
38788
96138
96139
63374
63375
63376
63377
38801
79763
79765
38810
22430
22431
38816
38817
22443
22444
22445
38833
79797
38837
38838
38839
38841
38842
14267
38843
79804
14270
38846
14271
38847
79808
14273
14274
38850
79813
79815
38855
79816
38856
14281
79823
79828
71647
14305
14308
14309
14312
79859
14323
38902
14327
71673
71674
79874
38914
38916
79880
71695
71696
38940
79949
63565
63566
30799
63568
30801
30803
30806
30809
79962
79963
30811
79964
79965
30813
30821
71782
71783
71785
71787
30827
63603
79996
79997
79998
71806
22655
63617
39041
80007
71815
71816
71819
71820
71822
80023
63639
63642
6299
71836
6300
22687
80034
22693
80040
63662
71857
14513
71859
39093
39094
39095
39096
63673
63674
63675
39099
39100
39101
63678
39103
39104
63682
63684
39108
39109
30921
63691
47307
80077
39118
39119
47312
71889
39121
80083
80084
63700
63702
80087
71895
30935
80089
80090
71898
39130
80091
39131
39132
80093
39133
71902
63717
63718
63719
80104
80105
30954
80108
63724
39148
63725
39149
39151
39152
47346
47347
47348
47349
47351
30968
39160
39161
39162
47357
30975
39168
71938
80133
71941
80134
39176
71946
47370
39179
47371
39180
39181
80146
63770
63776
63779
63795
63798
47414
63799
71992
63802
80187
31036
80190
63806
63807
72004
31046
47432
72012
63823
63824
63825
63826
72022
72024
72027
72030
63841
63842
63846
63847
63853
63854
63855
63858
63859
63862
63863
22904
72057
22908
80256
63881
47498
63883
22926
47502
63887
22927
63890
22930
47506
22931
80276
22932
31124
47509
72086
80280
22936
63902
63903
63904
63905
72098
22948
72101
22949
22951
14759
14760
72105
63913
14761
14762
31149
63922
14770
31154
63923
14772
31157
31163
63932
31164
63933
31165
63934
31166
63936
63937
14786
63939
14787
14788
31172
14789
31173
31174
14791
31175
14792
31176
63945
63946
63947
63949
31184
63954
72148
31192
31193
14811
63968
63969
31201
31202
63971
31203
63972
14821
80358
63974
14822
14823
63976
14824
31209
63979
31211
14832
63986
31220
63989
14837
14838
31222
31223
31224
63993
63996
64000
31233
6658
6659
31235
14852
6660
6661
14854
6662
14857
31243
6670
6671
6672
6673
31249
31251
72212
31254
72215
31255
80411
47644
31261
47645
80416
14880
14881
14882
31269
31270
31271
31274
72235
72236
31276
72237
31277
80432
80433
72241
80434
72242
80435
80439
72252
47678
80452
31301
47685
31302
47686
47687
47688
72265
47689
47691
47692
31310
72271
31311
47695
72274
31315
72276
31316
80471
72279
31323
80476
6748
6749
80478
6750
80479
14943
6751
14944
6752
6753
14946
31330
31335
31338
31339
31342
31344
80498
72307
80500
72308
14964
14965
72310
72311
80504
80505
14969
14970
14971
14972
39548
72317
72320
14976
14977
14978
14979
31364
80517
31365
80518
72327
31367
31368
72332
31372
31373
31376
31384
64159
64160
80546
64163
64164
80549
80551
64173
64174
64176
64178
80570
31421
31422
80576
72385
80578
80579
15043
31430
80583
31431
80584
80585
72395
31435
31436
72399
64208
80593
72401
15057
80594
31442
47830
80599
47831
47832
31449
47833
72413
47840
72429
80633
80634
80635
80636
72447
72448
47880
47881
72460
72461
47888
47889
47895
47896
64281
47902
47906
64295
64297
47914
64300
64303
64304
64305
64307
64310
64311
47932
80706
72520
72521
80718
80723
80734
80735
80750
39798
80763
39805
80766
39807
72582
72585
39818
72587
39819
72589
39823
23449
80794
72604
39841
39842
80803
80804
80806
80812
39853
80814
80816
80820
39860
80821
80824
72638
72639
72640
39874
80835
80836
72644
72645
80838
72646
72648
39880
80847
39887
72660
80854
72662
80855
72663
72664
80857
80858
39899
80868
72676
80869
80871
72685
72686
72690
80884
80885
80886
72698
39943
72713
80918
80919
39959
72729
72730
72732
72734
72735
39969
80933
72746
72747
72748
15404
72749
15405
15406
15407
72762
72763
72764
72782
72783
72785
72787
80981
80982
72790
80983
72794
72798
72799
72800
72801
80995
80996
72804
80998
81004
40044
81005
81007
40047
81009
81011
64630
64631
64633
64635
81021
64640
64643
64644
81034
81035
81038
64657
64661
40090
40096
64675
81060
64676
113830
81062
64678
81063
64679
81066
81067
81069
81073
81074
72882
72883
72885
72886
81083
72891
72893
72894
72895
81089
72901
81095
81096
81102
81105
113874
81106
113876
81109
113881
113882
113883
113884
40157
81118
81119
40160
72929
81122
72930
113892
48356
113893
81126
48359
81129
81130
81133
81134
81136
81137
40177
48372
48374
48375
40184
48376
81145
40185
48377
81147
81150
81152
48384
40193
40194
48387
81157
81162
48395
48396
48398
40207
23827
40211
23828
48405
138518
48407
48409
48411
81180
48412
81181
23837
81182
23838
23839
23840
48416
81185
23841
23842
23843
23846
23847
48423
23848
48424
23849
48425
48426
23852
48428
23853
81198
81200
81204
48436
48437
81209
48442
48445
81214
48446
81216
40259
89412
40260
138566
81222
138571
81227
64847
81235
81237
81239
81241
40284
81245
40285
40286
81247
40287
40289
40290
64869
40293
64870
64871
81259
81262
81263
40307
89460
40308
64885
40309
40310
40311
81278
81280
73088
81281
73089
81282
40323
81284
73093
40325
73095
81301
81305
81310
40358
73127
40359
40360
73130
81326
81327
81330
73138
81331
81333
81338
23996
81341
81344
81347
81352
81356
64972
81357
64973
81358
64976
64977
64978
24021
64986
64988
81374
64990
64991
64992
81378
73187
73188
64996
24039
81384
81385
73193
40425
40426
73195
40427
40429
65006
65007
24050
81395
24053
24057
24059
40444
24061
24062
48638
48639
48641
24066
48642
48644
48645
40459
40460
40461
40462
81425
73233
73235
73236
81430
73240
73241
40477
73246
73247
81442
81444
73252
73253
73254
40487
65067
65068
65069
40493
56879
65072
24112
40498
73271
40506
73276
81469
73277
81470
24126
40512
40513
40514
40515
73284
40516
40517
40518
73288
73289
32329
32330
73291
32331
73294
40527
32336
73297
73298
24147
89684
40532
89685
40533
40534
24151
73308
24156
73309
56927
73313
32355
32356
32357
24167
32359
73322
32362
73326
89712
73331
73332
73333
81526
73334
81528
73336
73337
81530
73339
32383
89729
73345
73346
81539
73347
81540
73348
32388
32389
81542
32390
32391
32392
32393
32394
32395
32397
32400
40592
40593
73362
40595
40596
89749
40598
89753
40603
89756
40604
40605
32414
40606
89759
32415
40607
89760
32416
40608
73377
40609
32418
40610
40611
40612
32421
73382
40614
24233
89770
73386
89771
73387
73388
73389
24239
24244
24245
57016
57018
24251
40636
73407
57023
73409
24264
32456
40648
32457
40649
32458
32460
40652
73421
24269
40653
73422
73423
32463
89808
73424
73425
24273
24274
89813
73429
24277
40661
89814
40662
138967
40663
40666
40670
138975
73439
40671
73441
40673
24290
40674
24291
40676
73447
73448
89833
40681
40682
73451
40683
89836
73452
40684
73456
73458
89844
57076
89845
24311
40695
48887
81656
57081
81658
40698
89852
81663
89857
81665
89858
40709
81670
40710
139015
81671
40711
57095
81672
40712
57096
89867
40716
57100
81678
40718
81679
89873
89874
89875
89876
89879
48919
89881
48921
40730
40731
40732
89885
40733
40734
89887
89888
40736
89889
89890
89893
89894
48935
40749
40752
81715
81716
48948
40757
40759
48953
48954
48955
24383
81732
81733
89927
81735
57159
89928
57160
89931
81740
89933
89934
81742
57167
81744
57168
57169
57171
89940
89941
89942
81750
89943
24408
81754
81756
81758
81761
57186
57187
57188
57192
57193
57195
139116
57196
57197
139118
57198
57199
24432
73593
73596
73597
57217
73602
57220
57223
57224
57225
57226
57227
57228
57230
57231
57232
24480
24481
73636
73637
24486
73639
24487
73641
73642
73644
40876
73645
73646
73649
73650
73651
73652
24503
24506
24513
40899
24518
40906
73677
24525
40912
40923
73698
73699
73700
40935
40936
81914
24570
81915
24571
81917
73726
)


// ************************************************************************* //
