/*--------------------------------*- C++ -*----------------------------------*\
| =========                 |                                                 |
| \\      /  F ield         | OpenFOAM: The Open Source CFD Toolbox           |
|  \\    /   O peration     | Version:  2412                                  |
|   \\  /    A nd           | Website:  www.openfoam.com                      |
|    \\/     M anipulation  |                                                 |
\*---------------------------------------------------------------------------*/
FoamFile
{
    version     2.0;
    format      binary;
    arch        "LSB;label=32;scalar=64";
    class       faceSet;
    location    "constant/polyMesh/sets";
    object      concaveFaces;
}
// * * * * * * * * * * * * * * * * * * * * * * * * * * * * * * * * * * * * * //


374
(
41005
311360
90186
442468
376937
442476
376951
442494
57521
442580
377165
377181
442773
442783
442814
442864
369169
311874
369271
369275
369277
336519
336520
115343
369299
369300
443067
443091
115503
115517
410435
115538
295773
115593
336913
443435
443440
443451
443480
410721
410728
427118
222323
435411
427245
427247
296186
443651
427267
427268
312686
443859
443861
435735
443928
443940
435760
435780
435793
435805
353988
313136
337737
296789
296798
288616
288686
288699
288702
444420
313368
313382
313386
297007
444515
313447
313450
444546
223381
444575
288936
387242
387286
174355
444702
444703
411990
387420
387426
444802
35208
387471
387473
297423
174555
444941
387601
35369
35370
444972
338481
313924
223818
223821
19037
19038
297574
297585
322177
322182
445109
445128
297730
297732
2820
445199
2868
19306
445377
297922
445386
445410
404457
248833
445450
3082
388124
339075
339098
445600
339104
19633
445636
224461
3281
36056
445679
339190
11511
445704
445727
3386
3390
273759
265593
339342
388519
339390
445967
175677
413247
175722
339593
265899
339643
20179
265941
446207
446208
20277
446269
446270
446274
20298
20307
266073
266078
266081
413547
446343
20409
339916
339923
438250
389133
446483
20505
20546
36947
446598
446611
446612
274592
274594
37026
274596
20670
389320
340176
446674
340191
340195
446701
340206
274689
20745
20757
446794
266576
446845
446855
446861
446875
381422
389624
21047
340556
340614
340653
381628
447170
447189
447209
389865
389879
389885
226132
226172
447360
226191
226203
447392
447393
447400
447409
390066
390078
381931
37876
447539
447540
382004
382018
447569
226393
447586
447587
226414
382065
382082
382083
447653
382129
382131
382153
382155
111858
447810
447825
382290
447828
447829
226650
447846
447854
447879
226699
447887
447901
439720
226739
447965
448076
448077
448086
226902
226904
390758
226930
226940
423563
448153
440011
440023
308965
440081
440127
38737
38756
38768
227210
415695
415706
38879
38947
227374
38968
227386
440418
440429
415902
112799
415935
227553
227568
227572
227583
309504
416006
432404
416024
416146
39318
440743
440749
39358
227879
39502
432725
432742
432873
441074
228113
432948
39772
39783
285550
416647
310176
416692
416694
39889
400394
416795
416800
39983
39995
244859
417010
400627
40211
40226
40230
40241
310582
113974
310589
114011
310644
195970
376204
196009
114094
417212
441827
114147
441872
441873
400914
196149
417355
89678
400982
196194
400996
441999
442001
442002
442003
376481
376493
40631
442054
89813
442076
442112
442113
442116
442119
442120
311150
442242
40840
376824
)


// ************************************************************************* //
