# Moment      
# CofR        : (0.000000e+00 0.000000e+00 0.000000e+00)
#
# Time        	total_x total_y total_z	pressure_x pressure_y pressure_z	viscous_x viscous_y viscous_z
4.81002        -5.480099e-05 -2.992156e-01 -1.248903e-04 -4.855059e-05 -2.984392e-01 -1.201481e-04 -6.250400e-06 -7.763744e-04 -4.742197e-06
4.82           -1.436187e-04 -2.983161e-01 -3.507942e-06 -1.368517e-04 -2.975484e-01 -6.451512e-06 -6.766964e-06 -7.676874e-04 2.943570e-06
4.83001        -7.616104e-05 -2.987003e-01 4.954885e-05 -7.500229e-05 -2.979341e-01 4.154099e-05 -1.158749e-06 -7.662539e-04 8.007858e-06
4.84           5.006396e-05 -2.991588e-01 1.212340e-04 4.356823e-05 -2.983821e-01 1.166591e-04 6.495729e-06 -7.766207e-04 4.574897e-06
4.85001        1.428048e-04 -2.983856e-01 -3.564816e-06 1.361570e-04 -2.976173e-01 -3.709079e-07 6.647757e-06 -7.682990e-04 -3.193908e-06
4.86           7.104665e-05 -2.986080e-01 -6.386939e-05 7.025842e-05 -2.978427e-01 -5.595842e-05 7.882265e-07 -7.652359e-04 -7.910975e-06
4.87002        -4.198197e-05 -2.992096e-01 -1.133589e-04 -3.520763e-05 -2.984327e-01 -1.089818e-04 -6.774341e-06 -7.769590e-04 -4.377081e-06
4.88           -1.460543e-04 -2.984755e-01 6.987320e-06 -1.395191e-04 -2.977063e-01 3.535528e-06 -6.535255e-06 -7.691308e-04 3.451792e-06
4.89           -6.444786e-05 -2.985401e-01 7.305153e-05 -6.405090e-05 -2.977753e-01 6.522175e-05 -3.969561e-07 -7.647453e-04 7.829779e-06
4.9            3.650992e-05 -2.991861e-01 1.070727e-04 2.955984e-05 -2.984092e-01 1.029024e-04 6.950075e-06 -7.769271e-04 4.170236e-06
4.91001        1.451913e-04 -2.985372e-01 -1.197836e-05 1.387501e-04 -2.977674e-01 -8.245375e-06 6.441264e-06 -7.697479e-04 -3.732985e-06
4.92           6.002344e-05 -2.984438e-01 -8.247416e-05 5.998899e-05 -2.976793e-01 -7.474720e-05 3.445225e-08 -7.644967e-04 -7.726965e-06
4.93002        -2.376474e-05 -2.992155e-01 -9.874571e-05 -1.666276e-05 -2.984387e-01 -9.480386e-05 -7.101978e-06 -7.768472e-04 -3.941848e-06
4.94           -1.410427e-04 -2.986234e-01 1.559221e-05 -1.346802e-04 -2.978528e-01 1.159491e-05 -6.362492e-06 -7.706074e-04 3.997306e-06
4.95           -5.898386e-05 -2.983678e-01 9.017598e-05 -5.929177e-05 -2.976032e-01 8.250854e-05 3.079134e-07 -7.646251e-04 7.667440e-06
4.96           1.818754e-05 -2.991786e-01 9.506825e-05 1.094874e-05 -2.984024e-01 9.130897e-05 7.238795e-06 -7.762496e-04 3.759289e-06
4.97002        1.326388e-04 -2.987047e-01 -1.936304e-05 1.263490e-04 -2.979334e-01 -1.509255e-05 6.289856e-06 -7.712850e-04 -4.270486e-06
4.98           5.658189e-05 -2.982821e-01 -9.656492e-05 5.720143e-05 -2.975174e-01 -8.900279e-05 -6.195331e-07 -7.646807e-04 -7.562133e-06
4.99002        -1.601147e-05 -2.991829e-01 -9.449731e-05 -8.528294e-06 -2.984072e-01 -9.087726e-05 -7.483176e-06 -7.757698e-04 -3.620050e-06
5              -1.286222e-04 -2.987516e-01 2.525328e-05 -1.224212e-04 -2.979798e-01 2.072854e-05 -6.200980e-06 -7.717911e-04 4.524736e-06
