# Force       
# CofR        : (0.000000e+00 0.000000e+00 0.000000e+00)
#
# Time        	total_x total_y total_z	pressure_x pressure_y pressure_z	viscous_x viscous_y viscous_z
0.00999452     1.114161e-03 -1.524024e+00 -6.071435e-05 1.126099e-03 -1.527842e+00 5.591543e-05 -1.193772e-05 3.817659e-03 -1.166298e-04
0.02           1.518458e-03 -1.500325e+00 -1.961374e-03 1.651852e-03 -1.504940e+00 -1.878676e-03 -1.333944e-04 4.614975e-03 -8.269816e-05
0.0300118      -1.134186e-03 -1.447393e+00 -2.267727e-03 -9.935767e-04 -1.452197e+00 -2.348520e-03 -1.406097e-04 4.804029e-03 8.079330e-05
0.04           -2.320644e-03 -1.435431e+00 -2.213853e-04 -2.324977e-03 -1.440628e+00 -3.856477e-04 4.332121e-06 5.197894e-03 1.642624e-04
0.050015       -1.491768e-03 -1.421423e+00 2.249013e-03 -1.635372e-03 -1.426808e+00 2.174163e-03 1.436037e-04 5.385335e-03 7.484960e-05
0.06           1.373305e-03 -1.408179e+00 2.188175e-03 1.236780e-03 -1.413533e+00 2.273126e-03 1.365249e-04 5.353659e-03 -8.495080e-05
0.0700162      2.578195e-03 -1.406269e+00 5.233012e-06 2.588234e-03 -1.411733e+00 1.652636e-04 -1.003867e-05 5.463715e-03 -1.600306e-04
0.08           1.662701e-03 -1.401331e+00 -2.514564e-03 1.805409e-03 -1.406762e+00 -2.442627e-03 -1.427081e-04 5.430870e-03 -7.193704e-05
0.0900033      -1.241924e-03 -1.395681e+00 -2.387393e-03 -1.110127e-03 -1.400916e+00 -2.474627e-03 -1.317971e-04 5.235215e-03 8.723425e-05
0.1            -2.312451e-03 -1.398533e+00 -1.780798e-04 -2.328957e-03 -1.403761e+00 -3.379484e-04 1.650661e-05 5.227392e-03 1.598686e-04
0.110023       -1.212897e-03 -1.396078e+00 2.406680e-03 -1.360584e-03 -1.401234e+00 2.340492e-03 1.476868e-04 5.156018e-03 6.618773e-05
0.12           1.824111e-03 -1.391370e+00 2.120239e-03 1.690324e-03 -1.396314e+00 2.212084e-03 1.337872e-04 4.944113e-03 -9.184465e-05
0.129986       2.913857e-03 -1.395529e+00 -4.778373e-04 2.930807e-03 -1.400460e+00 -3.142786e-04 -1.695014e-05 4.931028e-03 -1.635587e-04
0.14           1.698123e-03 -1.394092e+00 -3.168590e-03 1.844590e-03 -1.398990e+00 -3.101914e-03 -1.464664e-04 4.898862e-03 -6.667539e-05
0.150012       -1.904301e-03 -1.388827e+00 -2.858279e-03 -1.774025e-03 -1.393553e+00 -2.948294e-03 -1.302754e-04 4.725647e-03 9.001485e-05
0.16           -3.100042e-03 -1.393271e+00 1.118060e-04 -3.120088e-03 -1.398002e+00 -4.752238e-05 2.004526e-05 4.731301e-03 1.593284e-04
0.169977       -1.976210e-03 -1.392986e+00 3.228179e-03 -2.122252e-03 -1.397742e+00 3.167778e-03 1.460422e-04 4.756752e-03 6.040146e-05
0.18           1.631173e-03 -1.387630e+00 3.134383e-03 1.507453e-03 -1.392257e+00 3.226904e-03 1.237200e-04 4.626851e-03 -9.252038e-05
0.189983       2.800551e-03 -1.392191e+00 2.085817e-04 2.826985e-03 -1.396834e+00 3.648190e-04 -2.643328e-05 4.643751e-03 -1.562372e-04
0.2            1.546666e-03 -1.393007e+00 -2.742251e-03 1.697501e-03 -1.397716e+00 -2.690443e-03 -1.508346e-04 4.709145e-03 -5.180892e-05
0.210005       -1.959691e-03 -1.387277e+00 -2.640067e-03 -1.838766e-03 -1.391880e+00 -2.739630e-03 -1.209244e-04 4.603851e-03 9.956335e-05
0.22           -3.028903e-03 -1.391391e+00 3.348791e-04 -3.058927e-03 -1.395998e+00 1.780885e-04 3.002392e-05 4.606786e-03 1.567906e-04
0.230023       -1.614679e-03 -1.393005e+00 3.115963e-03 -1.766778e-03 -1.397704e+00 3.068927e-03 1.520989e-04 4.699384e-03 4.703592e-05
0.24           1.966940e-03 -1.387217e+00 2.818385e-03 1.850983e-03 -1.391824e+00 2.921506e-03 1.159568e-04 4.607466e-03 -1.031204e-04
0.249978       2.936240e-03 -1.390832e+00 -3.670272e-04 2.970899e-03 -1.395427e+00 -2.119969e-04 -3.465899e-05 4.594559e-03 -1.550304e-04
0.26           1.464545e-03 -1.392940e+00 -3.155950e-03 1.618439e-03 -1.397640e+00 -3.114523e-03 -1.538935e-04 4.700351e-03 -4.142717e-05
0.270005       -2.119893e-03 -1.387050e+00 -2.787311e-03 -2.008368e-03 -1.391668e+00 -2.895212e-03 -1.115242e-04 4.617964e-03 1.079007e-04
0.28           -2.966443e-03 -1.390209e+00 4.617757e-04 -3.006074e-03 -1.394792e+00 3.091451e-04 3.963129e-05 4.582961e-03 1.526306e-04
0.290022       -1.359554e-03 -1.392868e+00 3.109156e-03 -1.514774e-03 -1.397570e+00 3.074908e-03 1.552201e-04 4.702137e-03 3.424777e-05
0.3            2.194610e-03 -1.387192e+00 2.640530e-03 2.088330e-03 -1.391820e+00 2.753323e-03 1.062797e-04 4.628466e-03 -1.127933e-04
0.310007       2.938734e-03 -1.389718e+00 -6.439209e-04 2.983691e-03 -1.394294e+00 -4.927533e-04 -4.495701e-05 4.575432e-03 -1.511675e-04
0.32           1.160123e-03 -1.392652e+00 -3.184122e-03 1.316921e-03 -1.397352e+00 -3.155840e-03 -1.567977e-04 4.699903e-03 -2.828147e-05
0.330009       -2.396970e-03 -1.387555e+00 -2.630900e-03 -2.295245e-03 -1.392194e+00 -2.747591e-03 -1.017259e-04 4.639459e-03 1.166906e-04
0.34           -3.031512e-03 -1.389154e+00 6.924483e-04 -3.080772e-03 -1.393719e+00 5.435662e-04 4.925954e-05 4.565114e-03 1.488821e-04
0.35002        -1.069263e-03 -1.392689e+00 3.097396e-03 -1.227306e-03 -1.397390e+00 3.076279e-03 1.580435e-04 4.701180e-03 2.111685e-05
0.36           2.433750e-03 -1.387992e+00 2.510318e-03 2.337073e-03 -1.392645e+00 2.631014e-03 9.667645e-05 4.652421e-03 -1.206955e-04
0.370005       2.999910e-03 -1.388762e+00 -8.721343e-04 3.054166e-03 -1.393322e+00 -7.251160e-04 -5.425586e-05 4.560015e-03 -1.470183e-04
0.38           8.440928e-04 -1.392573e+00 -3.054296e-03 1.003033e-03 -1.397267e+00 -3.038897e-03 -1.589404e-04 4.694363e-03 -1.539929e-05
0.390012       -2.558314e-03 -1.388382e+00 -2.467881e-03 -2.466418e-03 -1.393041e+00 -2.592296e-03 -9.189664e-05 4.658879e-03 1.244145e-04
0.4            -3.010769e-03 -1.388297e+00 1.012992e-03 -3.069051e-03 -1.392852e+00 8.685948e-04 5.828112e-05 4.554940e-03 1.443969e-04
0.410018       -7.484502e-04 -1.392584e+00 3.026115e-03 -9.073719e-04 -1.397276e+00 3.016678e-03 1.589216e-04 4.692089e-03 9.436640e-06
0.42           2.618821e-03 -1.388815e+00 2.386749e-03 2.532047e-03 -1.393485e+00 2.514764e-03 8.677468e-05 4.669790e-03 -1.280151e-04
0.430003       2.968522e-03 -1.387845e+00 -1.146946e-03 3.032201e-03 -1.392405e+00 -1.004232e-03 -6.367910e-05 4.559776e-03 -1.427142e-04
0.44           5.507155e-04 -1.392430e+00 -2.955734e-03 7.094575e-04 -1.397110e+00 -2.951539e-03 -1.587421e-04 4.680650e-03 -4.195525e-06
0.450015       -2.720344e-03 -1.389322e+00 -2.247406e-03 -2.638921e-03 -1.393997e+00 -2.379348e-03 -8.142247e-05 4.674786e-03 1.319417e-04
0.46           -2.946520e-03 -1.387350e+00 1.253143e-03 -3.016030e-03 -1.391912e+00 1.113027e-03 6.951000e-05 4.562059e-03 1.401161e-04
0.470016       -4.567686e-04 -1.392338e+00 2.942249e-03 -6.152410e-04 -1.397012e+00 2.944024e-03 1.584723e-04 4.674172e-03 -1.774591e-06
0.48           2.774858e-03 -1.389855e+00 2.116782e-03 2.698571e-03 -1.394539e+00 2.252374e-03 7.628629e-05 4.683648e-03 -1.355918e-04
0.490002       2.911843e-03 -1.386970e+00 -1.372661e-03 2.988002e-03 -1.391539e+00 -1.235856e-03 -7.615877e-05 4.569309e-03 -1.368047e-04
0.5            3.336121e-04 -1.392061e+00 -2.940216e-03 4.916607e-04 -1.396721e+00 -2.947568e-03 -1.580486e-04 4.660121e-03 7.352330e-06
0.510017       -2.852793e-03 -1.390404e+00 -1.987843e-03 -2.781477e-03 -1.395090e+00 -2.127105e-03 -7.131548e-05 4.686140e-03 1.392621e-04
0.52           -2.932518e-03 -1.386754e+00 1.478803e-03 -3.014639e-03 -1.391327e+00 1.345586e-03 8.212151e-05 4.573420e-03 1.332173e-04
0.530015       -1.898176e-04 -1.391911e+00 2.933755e-03 -3.482886e-04 -1.396563e+00 2.947320e-03 1.584710e-04 4.651640e-03 -1.356536e-05
0.54           2.894445e-03 -1.390839e+00 1.882185e-03 2.827772e-03 -1.395526e+00 2.024858e-03 6.667274e-05 4.686703e-03 -1.426723e-04
0.550001       2.930005e-03 -1.386689e+00 -1.612612e-03 3.017455e-03 -1.391269e+00 -1.482830e-03 -8.745021e-05 4.580859e-03 -1.297824e-04
0.56           6.485764e-05 -1.391559e+00 -2.949823e-03 2.227873e-04 -1.396195e+00 -2.968793e-03 -1.579296e-04 4.636103e-03 1.897012e-05
0.570019       -2.962683e-03 -1.391503e+00 -1.796884e-03 -2.901980e-03 -1.396196e+00 -1.943172e-03 -6.070242e-05 4.693433e-03 1.462880e-04
0.58           -2.884982e-03 -1.386569e+00 1.750975e-03 -2.976887e-03 -1.391155e+00 1.625169e-03 9.190511e-05 4.586065e-03 1.258056e-04
0.590014       6.949481e-05 -1.391374e+00 2.972989e-03 -8.805785e-05 -1.396000e+00 2.997192e-03 1.575527e-04 4.625840e-03 -2.420309e-05
0.6            2.979583e-03 -1.391929e+00 1.688701e-03 2.924571e-03 -1.396622e+00 1.837777e-03 5.501257e-05 4.693560e-03 -1.490754e-04
0.610002       2.841178e-03 -1.386529e+00 -1.880515e-03 2.938147e-03 -1.391124e+00 -1.758676e-03 -9.696836e-05 4.595788e-03 -1.218393e-04
0.62           -1.964529e-04 -1.390933e+00 -2.977133e-03 -3.993312e-05 -1.395542e+00 -3.005761e-03 -1.565197e-04 4.608787e-03 2.862744e-05
0.630021       -3.035939e-03 -1.392449e+00 -1.594738e-03 -2.987270e-03 -1.397148e+00 -1.746276e-03 -4.866913e-05 4.698904e-03 1.515377e-04
0.64           -2.812359e-03 -1.386819e+00 1.973247e-03 -2.914105e-03 -1.391427e+00 1.855722e-03 1.017466e-04 4.608431e-03 1.175255e-04
0.65001        3.476378e-04 -1.390627e+00 2.964230e-03 1.921987e-04 -1.395226e+00 2.997718e-03 1.554391e-04 4.599431e-03 -3.348878e-05
0.66           3.113886e-03 -1.392528e+00 1.498604e-03 3.070754e-03 -1.397227e+00 1.651704e-03 4.313143e-05 4.698735e-03 -1.531001e-04
0.670005       2.752070e-03 -1.386803e+00 -2.082079e-03 2.858697e-03 -1.391419e+00 -1.969174e-03 -1.066265e-04 4.616597e-03 -1.129049e-04
0.68           -4.831336e-04 -1.390105e+00 -2.957593e-03 -3.296603e-04 -1.394692e+00 -2.995851e-03 -1.534733e-04 4.587139e-03 3.825870e-05
0.690021       -3.156064e-03 -1.392679e+00 -1.364305e-03 -3.119503e-03 -1.397382e+00 -1.519167e-03 -3.656021e-05 4.703194e-03 1.548621e-04
0.7            -2.708585e-03 -1.387046e+00 2.187303e-03 -2.819890e-03 -1.391675e+00 2.079219e-03 1.113051e-04 4.629366e-03 1.080839e-04
0.710007       5.859498e-04 -1.389739e+00 2.966585e-03 4.342954e-04 -1.394319e+00 3.009847e-03 1.516544e-04 4.579771e-03 -4.326277e-05
0.72           3.182680e-03 -1.392526e+00 1.254124e-03 3.152438e-03 -1.397227e+00 1.410243e-03 3.024230e-05 4.701089e-03 -1.561190e-04
0.730008       2.629316e-03 -1.387279e+00 -2.347390e-03 2.744865e-03 -1.391916e+00 -2.244360e-03 -1.155487e-04 4.637274e-03 -1.030303e-04
0.74           -6.790155e-04 -1.389241e+00 -2.981682e-03 -5.295266e-04 -1.393809e+00 -3.029707e-03 -1.494888e-04 4.567895e-03 4.802518e-05
0.75002        -3.123901e-03 -1.392640e+00 -1.062253e-03 -3.100729e-03 -1.397343e+00 -1.220047e-03 -2.317233e-05 4.702622e-03 1.577939e-04
0.76           -2.541873e-03 -1.387825e+00 2.437904e-03 -2.661335e-03 -1.392475e+00 2.339563e-03 1.194623e-04 4.650103e-03 9.834093e-05
0.770005       8.180398e-04 -1.388849e+00 3.021963e-03 6.703379e-04 -1.393411e+00 3.074668e-03 1.477019e-04 4.562558e-03 -5.270449e-05
0.78           3.082388e-03 -1.392474e+00 9.295147e-04 3.065207e-03 -1.397170e+00 1.088115e-03 1.718078e-05 4.696125e-03 -1.586006e-04
0.790012       2.478430e-03 -1.388168e+00 -2.528101e-03 2.601767e-03 -1.392825e+00 -2.434812e-03 -1.233367e-04 4.656749e-03 -9.328889e-05
0.8            -9.708672e-04 -1.388422e+00 -2.994902e-03 -8.258029e-04 -1.392977e+00 -3.051964e-03 -1.450643e-04 4.555562e-03 5.706237e-05
0.810018       -3.028982e-03 -1.392599e+00 -7.529395e-04 -3.017827e-03 -1.397293e+00 -9.120144e-04 -1.115458e-05 4.694410e-03 1.590750e-04
0.82           -2.409198e-03 -1.388677e+00 2.603829e-03 -2.536068e-03 -1.393344e+00 2.515384e-03 1.268704e-04 4.667715e-03 8.844542e-05
0.830004       1.110271e-03 -1.387990e+00 2.984789e-03 9.670118e-04 -1.392549e+00 3.046836e-03 1.432590e-04 4.558963e-03 -6.204698e-05
0.84           2.986608e-03 -1.392379e+00 6.253129e-04 2.980769e-03 -1.397062e+00 7.840256e-04 5.839016e-06 4.683574e-03 -1.587126e-04
0.850014       2.296397e-03 -1.389092e+00 -2.695866e-03 2.427172e-03 -1.393765e+00 -2.612885e-03 -1.307746e-04 4.672889e-03 -8.298076e-05
0.86           -1.211762e-03 -1.387501e+00 -2.948908e-03 -1.070783e-03 -1.392061e+00 -3.016542e-03 -1.409794e-04 4.560704e-03 6.763346e-05
0.870017       -2.937756e-03 -1.392402e+00 -4.683435e-04 -2.937756e-03 -1.397080e+00 -6.269933e-04 6.061668e-10 4.677397e-03 1.586498e-04
0.88           -2.150037e-03 -1.389703e+00 2.755762e-03 -2.284525e-03 -1.394385e+00 2.677866e-03 1.344873e-04 4.682059e-03 7.789531e-05
0.890002       1.329792e-03 -1.387102e+00 2.913332e-03 1.191840e-03 -1.391670e+00 2.987487e-03 1.379524e-04 4.567768e-03 -7.415504e-05
0.9            2.952192e-03 -1.392072e+00 3.863282e-04 2.957791e-03 -1.396736e+00 5.443446e-04 -5.598356e-06 4.663613e-03 -1.580164e-04
0.910016       2.028933e-03 -1.390194e+00 -2.841133e-03 2.167125e-03 -1.394879e+00 -2.768416e-03 -1.381927e-04 4.684887e-03 -7.271734e-05
0.92           -1.442146e-03 -1.386841e+00 -2.930222e-03 -1.307878e-03 -1.391413e+00 -3.010631e-03 -1.342684e-04 4.571669e-03 8.040889e-05
0.930015       -2.922347e-03 -1.392005e+00 -2.143360e-04 -2.934107e-03 -1.396660e+00 -3.728199e-04 1.176030e-05 4.655327e-03 1.584839e-04
0.94           -1.916755e-03 -1.390621e+00 2.878402e-03 -2.058383e-03 -1.395306e+00 2.810207e-03 1.416272e-04 4.685557e-03 6.819555e-05
0.950001       1.580150e-03 -1.386666e+00 2.945292e-03 1.449294e-03 -1.391245e+00 3.031216e-03 1.308554e-04 4.579220e-03 -8.592376e-05
0.96           2.930106e-03 -1.391670e+00 8.629035e-05 2.947445e-03 -1.396310e+00 2.443556e-04 -1.733908e-05 4.639932e-03 -1.580653e-04
0.970018       1.807798e-03 -1.391371e+00 -2.940925e-03 1.953083e-03 -1.396063e+00 -2.878466e-03 -1.452852e-04 4.692551e-03 -6.245912e-05
0.98           -1.700312e-03 -1.386511e+00 -2.912797e-03 -1.573321e-03 -1.391095e+00 -3.003338e-03 -1.269918e-04 4.583807e-03 9.054105e-05
0.990014       -2.979921e-03 -1.391431e+00 1.819380e-05 -3.002712e-03 -1.396061e+00 -1.395448e-04 2.279174e-05 4.629920e-03 1.577386e-04
1              -1.717202e-03 -1.391806e+00 2.967355e-03 -1.865452e-03 -1.396499e+00 2.910506e-03 1.482494e-04 4.692666e-03 5.684905e-05
1.01           1.853315e-03 -1.386515e+00 2.839281e-03 1.730266e-03 -1.391108e+00 2.934796e-03 1.230498e-04 4.593077e-03 -9.551555e-05
1.02           2.980469e-03 -1.391020e+00 -1.574174e-04 3.007703e-03 -1.395633e+00 -6.274101e-07 -2.723487e-05 4.612915e-03 -1.567900e-04
1.03002        1.631662e-03 -1.392324e+00 -3.024380e-03 1.782593e-03 -1.397022e+00 -2.973942e-03 -1.509312e-04 4.698162e-03 -5.043778e-05
1.04           -1.945597e-03 -1.386737e+00 -2.829779e-03 -1.826742e-03 -1.391343e+00 -2.930080e-03 -1.188551e-04 4.605257e-03 1.003007e-04
1.05001        -2.985212e-03 -1.390691e+00 2.874031e-04 -3.017288e-03 -1.395294e+00 1.314971e-04 3.207642e-05 4.602802e-03 1.559060e-04
1.06           -1.516375e-03 -1.392511e+00 3.079108e-03 -1.668979e-03 -1.397209e+00 3.034199e-03 1.526031e-04 4.698073e-03 4.490853e-05
1.07           2.043978e-03 -1.386807e+00 2.763286e-03 1.929700e-03 -1.391421e+00 2.868466e-03 1.142784e-04 4.613467e-03 -1.051792e-04
1.08           2.967740e-03 -1.390196e+00 -4.401423e-04 3.004495e-03 -1.394786e+00 -2.861363e-04 -3.675512e-05 4.589773e-03 -1.540060e-04
1.09002        1.408235e-03 -1.392642e+00 -3.154784e-03 1.562643e-03 -1.397344e+00 -3.116304e-03 -1.544089e-04 4.702753e-03 -3.848019e-05
1.1            -2.162307e-03 -1.386961e+00 -2.730985e-03 -2.052722e-03 -1.391588e+00 -2.840941e-03 -1.095850e-04 4.626299e-03 1.099557e-04
1.11001        -2.973430e-03 -1.389810e+00 5.546103e-04 -3.015240e-03 -1.394393e+00 4.022883e-04 4.180982e-05 4.583225e-03 1.523220e-04
1.12           -1.281397e-03 -1.392575e+00 3.177419e-03 -1.437080e-03 -1.397276e+00 3.145141e-03 1.556823e-04 4.701154e-03 3.227857e-05
1.13001        2.293397e-03 -1.387191e+00 2.652554e-03 2.188891e-03 -1.391825e+00 2.766872e-03 1.045061e-04 4.634130e-03 -1.143187e-04
1.14           2.983132e-03 -1.389332e+00 -6.462665e-04 3.029717e-03 -1.393902e+00 -4.962477e-04 -4.658464e-05 4.570058e-03 -1.500188e-04
1.15002        1.128919e-03 -1.392625e+00 -3.150161e-03 1.286294e-03 -1.397328e+00 -3.125016e-03 -1.573746e-04 4.703286e-03 -2.514489e-05
1.16           -2.420749e-03 -1.387641e+00 -2.569338e-03 -2.320957e-03 -1.392288e+00 -2.687643e-03 -9.979175e-05 4.647120e-03 1.183048e-04
1.17001        -3.025587e-03 -1.388915e+00 7.733086e-04 -3.076931e-03 -1.393480e+00 6.249078e-04 5.134390e-05 4.564936e-03 1.484008e-04
1.18           -9.671034e-04 -1.392481e+00 3.094247e-03 -1.125453e-03 -1.397178e+00 3.075232e-03 1.583492e-04 4.697268e-03 1.901517e-05
1.19001        2.495456e-03 -1.388087e+00 2.498268e-03 2.400680e-03 -1.392741e+00 2.620485e-03 9.477612e-05 4.654069e-03 -1.222169e-04
1.2            3.013648e-03 -1.388495e+00 -9.289549e-04 3.069388e-03 -1.393051e+00 -7.831749e-04 -5.574005e-05 4.556153e-03 -1.457800e-04
1.21002        8.129146e-04 -1.392584e+00 -3.051672e-03 9.719980e-04 -1.397280e+00 -3.038836e-03 -1.590834e-04 4.696165e-03 -1.283599e-05
1.22           -2.579170e-03 -1.388503e+00 -2.439223e-03 -2.489201e-03 -1.393169e+00 -2.564986e-03 -8.996928e-05 4.665306e-03 1.257627e-04
1.23           -2.991214e-03 -1.388087e+00 1.073526e-03 -3.051727e-03 -1.392646e+00 9.296963e-04 6.051354e-05 4.558102e-03 1.438296e-04
1.24           -6.591834e-04 -1.392431e+00 2.993262e-03 -8.179315e-04 -1.397117e+00 2.985793e-03 1.587481e-04 4.686057e-03 7.468432e-06
1.25001        2.662379e-03 -1.388979e+00 2.332529e-03 2.577807e-03 -1.393650e+00 2.462155e-03 8.457151e-05 4.670652e-03 -1.296264e-04
1.26           2.965768e-03 -1.387596e+00 -1.181937e-03 3.031516e-03 -1.392155e+00 -1.040221e-03 -6.574747e-05 4.559346e-03 -1.417161e-04
1.27002        5.200735e-04 -1.392411e+00 -2.956598e-03 6.788363e-04 -1.397091e+00 -2.954867e-03 -1.587628e-04 4.680380e-03 -1.730950e-06
1.28           -2.747898e-03 -1.389489e+00 -2.205631e-03 -2.668428e-03 -1.394169e+00 -2.338960e-03 -7.946964e-05 4.680228e-03 1.333283e-04
1.29           -2.925824e-03 -1.387183e+00 1.300050e-03 -2.998067e-03 -1.391750e+00 1.161017e-03 7.224273e-05 4.566257e-03 1.390328e-04
1.3            -4.007971e-04 -1.392162e+00 2.935167e-03 -5.588943e-04 -1.396829e+00 2.939052e-03 1.580972e-04 4.666854e-03 -3.885052e-06
1.31002        2.809906e-03 -1.390081e+00 2.054403e-03 2.735754e-03 -1.394764e+00 2.191548e-03 7.415274e-05 4.683413e-03 -1.371449e-04
1.32           2.928618e-03 -1.386836e+00 -1.416707e-03 3.007191e-03 -1.391406e+00 -1.281461e-03 -7.857298e-05 4.569868e-03 -1.352451e-04
1.33002        2.821466e-04 -1.392031e+00 -2.938657e-03 4.405244e-04 -1.396690e+00 -2.948609e-03 -1.583778e-04 4.658878e-03 9.952294e-06
1.34           -2.858802e-03 -1.390473e+00 -1.949439e-03 -2.789142e-03 -1.395157e+00 -2.090017e-03 -6.966029e-05 4.684146e-03 1.405783e-04
1.35           -2.930087e-03 -1.386773e+00 1.513006e-03 -3.014451e-03 -1.391351e+00 1.381114e-03 8.436395e-05 4.577549e-03 1.318921e-04
1.36           -1.348085e-04 -1.391721e+00 2.932599e-03 -2.929930e-04 -1.396365e+00 2.948272e-03 1.581845e-04 4.643671e-03 -1.567334e-05
1.37002        2.938027e-03 -1.391157e+00 1.855792e-03 2.873838e-03 -1.395848e+00 2.000034e-03 6.418923e-05 4.691632e-03 -1.442417e-04
1.38           2.919686e-03 -1.386587e+00 -1.651745e-03 3.008871e-03 -1.391169e+00 -1.523572e-03 -8.918559e-05 4.581726e-03 -1.281728e-04
1.39001        7.219006e-06 -1.391557e+00 -2.960020e-03 1.651173e-04 -1.396191e+00 -2.981308e-03 -1.578983e-04 4.633876e-03 2.128886e-05
1.4            -2.968957e-03 -1.391601e+00 -1.764344e-03 -2.910296e-03 -1.396293e+00 -1.911706e-03 -5.866107e-05 4.691785e-03 1.473620e-04
1.41           -2.854354e-03 -1.386312e+00 1.824795e-03 -2.948375e-03 -1.390902e+00 1.700520e-03 9.402092e-05 4.590633e-03 1.242745e-04
1.42           1.281511e-04 -1.391166e+00 2.972209e-03 -2.890866e-05 -1.395783e+00 2.998060e-03 1.570598e-04 4.617095e-03 -2.585094e-05
1.43002        3.000509e-03 -1.392269e+00 1.634875e-03 2.948277e-03 -1.396966e+00 1.785135e-03 5.223212e-05 4.697364e-03 -1.502604e-04
1.44           2.833930e-03 -1.386735e+00 -1.906033e-03 2.932788e-03 -1.391337e+00 -1.785840e-03 -9.885815e-05 4.602061e-03 -1.201931e-04
1.45001        -2.543743e-04 -1.390840e+00 -2.978117e-03 -9.808971e-05 -1.395447e+00 -3.008792e-03 -1.562845e-04 4.606428e-03 3.067532e-05
1.46           -3.064528e-03 -1.392413e+00 -1.572699e-03 -3.017874e-03 -1.397110e+00 -1.724785e-03 -4.665430e-05 4.697315e-03 1.520851e-04
1.47           -2.786072e-03 -1.386739e+00 2.023006e-03 -2.889784e-03 -1.391349e+00 1.907382e-03 1.037126e-04 4.610258e-03 1.156243e-04
1.48           4.051656e-04 -1.390396e+00 2.955317e-03 2.506383e-04 -1.394989e+00 2.990598e-03 1.545274e-04 4.592409e-03 -3.528067e-05
1.49002        3.137214e-03 -1.392684e+00 1.431463e-03 3.096857e-03 -1.397387e+00 1.585401e-03 4.035641e-05 4.702204e-03 -1.539385e-04
1.5            2.744913e-03 -1.386948e+00 -2.115357e-03 2.853451e-03 -1.391571e+00 -2.004281e-03 -1.085382e-04 4.623241e-03 -1.110768e-04
1.51001        -5.298390e-04 -1.389982e+00 -2.959236e-03 -3.769100e-04 -1.394568e+00 -2.999606e-03 -1.529290e-04 4.586150e-03 4.036975e-05
1.52           -3.183849e-03 -1.392562e+00 -1.342529e-03 -3.149561e-03 -1.397263e+00 -1.497781e-03 -3.428727e-05 4.701090e-03 1.552522e-04
1.53001        -2.678646e-03 -1.387051e+00 2.253701e-03 -2.791743e-03 -1.391682e+00 2.147723e-03 1.130966e-04 4.631035e-03 1.059784e-04
1.54           6.231732e-04 -1.389524e+00 2.966157e-03 4.725869e-04 -1.394096e+00 3.011240e-03 1.505864e-04 4.572724e-03 -4.508254e-05
1.55002        3.150836e-03 -1.392693e+00 1.160460e-03 3.123688e-03 -1.397397e+00 1.317397e-03 2.714813e-05 4.703762e-03 -1.569366e-04
1.56           2.597228e-03 -1.387539e+00 -2.383284e-03 2.714351e-03 -1.392183e+00 -2.282049e-03 -1.171226e-04 4.644013e-03 -1.012347e-04
1.57001        -7.336775e-04 -1.389091e+00 -3.004487e-03 -5.846552e-04 -1.393658e+00 -3.054503e-03 -1.490223e-04 4.567419e-03 5.001562e-05
1.58           -3.119035e-03 -1.392445e+00 -1.026718e-03 -3.098136e-03 -1.397143e+00 -1.184764e-03 -2.089901e-05 4.698241e-03 1.580461e-04
1.59001        -2.518051e-03 -1.387928e+00 2.476471e-03 -2.639130e-03 -1.392580e+00 2.380221e-03 1.210788e-04 4.651319e-03 9.624961e-05
1.6            8.769597e-04 -1.388663e+00 3.016038e-03 7.304648e-04 -1.393221e+00 3.070460e-03 1.464949e-04 4.557497e-03 -5.442248e-05
1.61002        3.048402e-03 -1.392625e+00 8.412310e-04 3.033854e-03 -1.397323e+00 1.000252e-03 1.454816e-05 4.697713e-03 -1.590215e-04
1.62           2.456378e-03 -1.388400e+00 -2.547760e-03 2.581062e-03 -1.393063e+00 -2.456295e-03 -1.246842e-04 4.662797e-03 -9.146510e-05
1.63           -1.032170e-03 -1.388279e+00 -2.985189e-03 -8.877469e-04 -1.392836e+00 -3.044181e-03 -1.444234e-04 4.557599e-03 5.899202e-05
1.64           -3.025184e-03 -1.392419e+00 -7.173143e-04 -3.016041e-03 -1.397107e+00 -8.760990e-04 -9.143583e-06 4.688362e-03 1.587847e-04
1.65001        -2.374269e-03 -1.388804e+00 2.644767e-03 -2.502773e-03 -1.393472e+00 2.558616e-03 1.285046e-04 4.668367e-03 8.615143e-05
1.66           1.147697e-03 -1.387777e+00 2.973316e-03 1.005375e-03 -1.392335e+00 3.037336e-03 1.423220e-04 4.558278e-03 -6.402066e-05
1.67002        2.951749e-03 -1.392489e+00 5.430884e-04 2.948323e-03 -1.397172e+00 7.019407e-04 3.426805e-06 4.683241e-03 -1.588523e-04
1.68           2.239919e-03 -1.389361e+00 -2.720580e-03 2.372088e-03 -1.394039e+00 -2.639535e-03 -1.321692e-04 4.678243e-03 -8.104465e-05
1.69           -1.260091e-03 -1.387347e+00 -2.936684e-03 -1.120106e-03 -1.391912e+00 -3.007003e-03 -1.399845e-04 4.564809e-03 7.031903e-05
1.7            -2.946854e-03 -1.392187e+00 -4.437629e-04 -2.948995e-03 -1.396857e+00 -6.019996e-04 2.141768e-06 4.670012e-03 1.582367e-04
1.71002        -2.094920e-03 -1.389885e+00 2.789695e-03 -2.230994e-03 -1.394567e+00 2.714077e-03 1.360739e-04 4.681856e-03 7.561763e-05
1.72           1.376231e-03 -1.386943e+00 2.918745e-03 1.239950e-03 -1.391511e+00 2.995412e-03 1.362814e-04 4.568103e-03 -7.666698e-05
1.73002        2.932203e-03 -1.392128e+00 3.118128e-04 2.940372e-03 -1.396791e+00 4.700829e-04 -8.169288e-06 4.662338e-03 -1.582701e-04
1.74           1.989692e-03 -1.390253e+00 -2.855790e-03 2.129213e-03 -1.394936e+00 -2.784677e-03 -1.395218e-04 4.682688e-03 -7.111324e-05
1.75           -1.487091e-03 -1.386766e+00 -2.931579e-03 -1.354125e-03 -1.391341e+00 -3.014357e-03 -1.329657e-04 4.575900e-03 8.277774e-05
1.76           -2.927328e-03 -1.391808e+00 -1.643333e-04 -2.941274e-03 -1.396456e+00 -3.226039e-04 1.394577e-05 4.647306e-03 1.582705e-04
1.77002        -1.873329e-03 -1.391021e+00 2.914376e-03 -2.016499e-03 -1.395712e+00 2.848530e-03 1.431694e-04 4.690648e-03 6.584576e-05
1.78           1.631253e-03 -1.386573e+00 2.932978e-03 1.501956e-03 -1.391153e+00 3.020818e-03 1.292963e-04 4.579838e-03 -8.784019e-05
1.79001        2.960714e-03 -1.391598e+00 5.439924e-05 2.980441e-03 -1.396236e+00 2.124477e-04 -1.972637e-05 4.637929e-03 -1.580485e-04
1.8            1.777453e-03 -1.391469e+00 -2.956203e-03 1.923892e-03 -1.396159e+00 -2.895769e-03 -1.464396e-04 4.690798e-03 -6.043416e-05
1.81           -1.770880e-03 -1.386026e+00 -2.872352e-03 -1.645386e-03 -1.390614e+00 -2.964842e-03 -1.254932e-04 4.588334e-03 9.249013e-05
1.82           -2.978847e-03 -1.391233e+00 7.256218e-05 -3.003320e-03 -1.395854e+00 -8.473658e-05 2.447340e-05 4.621416e-03 1.572988e-04
1.83002        -1.674975e-03 -1.392083e+00 2.987179e-03 -1.824498e-03 -1.396780e+00 2.933122e-03 1.495226e-04 4.696583e-03 5.405690e-05
