/*--------------------------------*- C++ -*----------------------------------*\
| =========                 |                                                 |
| \\      /  F ield         | OpenFOAM: The Open Source CFD Toolbox           |
|  \\    /   O peration     | Version:  2112                                  |
|   \\  /    A nd           | Website:  www.openfoam.com                      |
|    \\/     M anipulation  |                                                 |
\*---------------------------------------------------------------------------*/
FoamFile
{
    version     2.0;
    format      binary;
    arch        "LSB;label=32;scalar=64";
    class       cellSet;
    location    "constant/polyMesh/sets";
    object      concaveCells;
}
// * * * * * * * * * * * * * * * * * * * * * * * * * * * * * * * * * * * * * //


1175
(
8192
16401
20498
8213
16408
20505
16410
20508
12326
20520
20522
12331
20524
8237
20527
4151
16446
16447
8260
20553
16458
4182
12379
96
16481
12388
20581
8298
20589
8308
16505
4220
4221
16513
4225
4226
4227
12421
12422
12423
4241
8337
4242
8338
4243
148
16537
8348
8351
16545
20644
8356
8361
16557
8381
12481
193
12482
20692
8409
16604
12509
12510
227
8422
4332
8428
8430
20721
12531
12539
4350
16638
16639
16640
16641
16649
4361
16650
12559
16659
279
12568
16664
16665
282
16667
284
285
287
8506
315
12607
20801
325
326
20807
8540
20828
8552
8555
8556
8557
4461
20846
8562
12661
20853
8566
4487
20877
20881
12692
8596
407
8618
12716
441
20923
443
12736
20933
20937
12745
459
463
20953
12764
12772
8680
20969
8684
8699
8703
12806
12807
12810
12811
16908
4620
16909
12817
540
8735
16928
544
16929
8741
549
4650
8747
557
12857
4666
4667
4668
8767
8768
12865
8772
4678
4679
8776
4680
8778
8779
8780
12877
12884
600
603
606
4706
4707
611
4708
4709
12907
12914
12915
17026
8835
8836
17032
12946
8863
4770
4771
17061
12971
12975
17072
12977
12980
17079
4800
4802
4804
4805
4806
17099
17105
13011
13012
17111
13022
13024
736
21218
746
17132
17151
17155
13064
13067
17163
794
21279
799
803
808
4907
13099
822
4919
21303
13124
21317
13131
9038
9039
9040
4944
9041
9043
4948
9045
4952
21343
865
4967
9075
21385
21403
933
934
13227
13230
17328
948
960
21440
17344
17349
969
21464
21465
21472
13294
5103
13295
9205
17400
17402
1021
5119
13313
21508
1029
1037
13334
5143
1050
5157
5158
1063
1075
5173
21558
13367
17468
9276
13372
21565
1086
13377
1097
21580
9293
21581
1104
21584
21585
21588
21592
5218
1122
5219
5220
5221
9317
21607
21609
9327
21616
17531
9340
5254
5255
5256
5257
5262
5263
5264
5265
1170
5267
1171
5269
5270
5271
5272
5273
5280
5281
21668
13476
13477
1189
21672
5293
5295
9392
9394
1202
17588
21685
17590
1208
9414
13510
13515
9421
21712
17622
13526
5336
5338
9436
5341
5342
9445
13545
21739
9453
1269
9465
9466
13567
1280
21761
9475
9478
9481
13580
1292
1304
9498
13596
1316
1317
5425
17715
1333
13624
5433
13626
9534
9535
9536
9542
13645
9549
17742
13646
21839
13653
21845
13656
5470
1375
5471
5472
5473
5474
17766
5479
13673
13678
17775
21873
21877
17786
1410
21891
5509
17797
17798
21896
5513
17806
1422
1429
17815
21914
9631
9632
1446
1449
5553
1457
5554
17850
5564
1470
17856
5569
13769
1484
1487
1488
17873
13778
9684
17877
1497
17883
13813
1535
17931
22027
5660
13853
9772
1583
17972
1590
9783
17975
17978
5693
17981
1598
17983
9793
5707
1616
5713
13906
5715
5716
1621
18009
5721
9819
13930
18029
18031
1648
13939
5748
5749
13943
13944
13945
13946
18043
9860
1668
9868
9873
9875
9878
9881
9884
5790
18082
9891
5796
1703
1704
5801
5803
13995
22188
13997
22189
22198
22207
14019
14021
9929
14027
14030
5844
1748
5845
5846
5847
5852
5854
5858
9954
5859
22244
1765
5877
1782
5879
1803
1804
22296
10009
10013
10019
5925
1838
10035
14131
22323
10041
1857
22337
22344
1877
1883
18270
18273
14178
1891
14185
10091
22380
18289
10098
6004
18292
1908
22389
6006
14199
6007
1912
22393
1914
22394
22396
14207
22399
1924
14213
22408
14221
10126
1935
10127
10128
6034
14229
10134
6039
1943
10136
10139
1949
10148
10150
22450
18359
14268
1982
14275
14278
14280
14284
18381
14289
10196
14292
10199
2010
18425
2043
18430
2061
14349
22545
6161
10258
14354
2073
14375
14376
2089
14377
18481
14387
18485
2102
2110
2119
18507
2131
14420
6228
22614
18522
2142
2146
2153
18538
22638
18544
6263
18556
18558
2177
10370
10371
18563
10372
10373
10374
10375
18568
10376
10377
10378
10381
10383
10384
10385
6292
14486
6295
18586
6304
10402
6307
14501
6310
10407
18602
14507
10412
10413
2221
10414
18607
2228
18615
10426
18619
2235
10428
10431
18626
10440
2249
6348
22733
2255
10447
6352
22737
18641
2259
14549
14552
2266
2270
14574
2294
18690
18691
18704
18705
2334
22816
6435
2349
22847
22848
22849
18758
6495
6497
2403
6499
6501
6503
2417
14707
22905
22906
18811
2430
2432
2434
18819
6534
6535
6536
22922
2446
2457
10651
2466
2469
10665
2479
10674
14771
22963
22965
18870
14776
2492
18876
14780
14781
14782
2495
14783
18886
6598
6599
6600
6601
6607
18895
6609
6615
23007
2528
14816
18913
14819
10729
18923
2545
14835
14849
6658
6660
6661
14856
2569
10762
14859
10777
2585
6683
6688
10786
2595
6693
6694
6695
2602
18986
10797
14895
23089
10805
2618
2622
14914
6722
6729
10832
2641
10833
2644
19031
10839
10844
10846
10850
19042
14957
19055
10867
19064
2682
6778
19067
6785
14988
19085
2704
19092
19105
6822
15014
6827
15023
2741
6840
6841
6842
6844
6845
19135
15045
6854
2760
19156
6870
6871
19163
6877
15070
15072
2785
2793
10986
10996
19190
15097
2815
15110
19206
2827
2829
2837
2845
2848
15146
11051
11054
11055
11058
23348
23350
19254
15160
19262
19263
11072
11082
11085
11086
6992
23377
11089
23379
19289
11102
2911
19296
19299
11107
15210
15211
23406
11119
11120
11121
11122
2931
19319
19321
7034
7035
7036
2941
11139
7043
7044
11150
11151
2968
2972
11165
23458
11172
15277
2996
15285
7099
7101
7110
3019
7123
7135
11249
11256
11258
3068
7164
7165
15358
11264
11269
7188
15384
11291
7199
11297
11306
7216
19505
7218
19507
3129
7226
19529
3150
11343
3152
11344
7250
11347
11348
11352
3160
3165
19550
7265
7266
7269
7270
3177
3185
19575
19580
3197
3199
3203
11396
3211
7311
19599
15503
19602
15508
19613
15517
15518
19621
19625
7360
3277
11473
3284
3286
7386
19676
11495
11507
3316
11509
19702
15607
11513
15610
3323
19708
7429
7430
7431
19719
19720
7434
7436
11538
7442
19731
3350
11545
19740
19745
19750
19756
15664
7476
15670
15677
7491
3401
15705
15712
19809
15725
15732
7540
7542
15735
11641
19834
11648
19842
15751
7559
7561
7569
15763
19862
7576
19867
11677
3486
7588
7591
19883
7601
19898
19901
3521
3523
7624
7625
7626
7627
15822
7632
3536
15826
3539
15827
15830
7641
7642
3551
15840
3557
7658
7659
19950
3571
19956
3573
7680
15875
7683
11796
11797
15894
11802
15899
7708
19996
3614
15904
7715
15907
3635
3639
3640
15933
20047
11855
20050
7764
20053
11864
11865
3674
7771
11875
11876
20081
3706
11905
7812
11915
11917
16016
20112
3739
3741
3744
7849
7858
3765
7866
7876
7878
20166
7879
7880
20168
7881
7882
7883
7884
7885
7887
20180
3799
16120
20218
12034
3845
3846
3847
3848
3850
7946
12074
16181
16189
3912
20303
12112
8022
3927
3930
12127
20325
20331
20333
3952
3954
16242
12147
16244
20341
16248
12155
16251
8061
16258
16259
12166
8070
8071
16264
12175
8080
8081
16286
12195
20387
4004
16300
12209
12213
4023
20420
12229
8133
12230
20422
8140
12239
20431
12240
8148
12249
4059
8155
12255
12258
12266
8170
4078
8177
20468
4089
8189
4093
20477
8191
)


// ************************************************************************* //
