/*--------------------------------*- C++ -*----------------------------------*\
| =========                 |                                                 |
| \\      /  F ield         | OpenFOAM: The Open Source CFD Toolbox           |
|  \\    /   O peration     | Version:  2112                                  |
|   \\  /    A nd           | Website:  www.openfoam.com                      |
|    \\/     M anipulation  |                                                 |
\*---------------------------------------------------------------------------*/
FoamFile
{
    version     2.0;
    format      binary;
    arch        "LSB;label=32;scalar=64";
    class       cellSet;
    location    "constant/polyMesh/sets";
    object      concaveCells;
}
// * * * * * * * * * * * * * * * * * * * * * * * * * * * * * * * * * * * * * //


1171
(
0
12291
20489
12298
20496
12313
12316
12317
20510
4139
4144
4147
8245
20543
16451
20550
12359
12360
12363
8267
20557
12367
16464
8276
20573
16479
16485
111
4210
114
8308
8309
4214
16505
4219
16525
16527
16529
12433
20627
8343
4251
16539
16540
4254
4256
4257
172
16558
174
176
4277
16571
20669
8382
4289
16577
12482
12483
16582
12488
8397
4309
16597
8410
4320
16612
16613
20711
233
234
20718
4335
20719
20720
242
244
16630
247
248
257
4356
20740
4358
16662
4392
4402
20790
315
318
320
8518
330
334
8535
20824
8536
353
16740
12649
362
12659
8566
8572
20861
20862
20863
12672
20864
4481
4485
395
20882
16788
4501
4502
12696
12697
12699
8612
4518
426
427
434
12730
8637
20925
12734
446
16831
449
8646
455
12744
4554
4558
20946
20948
16854
20952
16856
473
16858
20957
20958
12767
4576
20960
12770
4578
20963
4584
8681
8682
12778
8683
492
12786
16883
4595
8692
8693
8694
8695
503
8696
8698
8701
8705
4616
21002
8716
8722
8730
4636
4643
12838
8744
16945
4660
12860
16957
574
577
12867
16971
8789
16986
603
21087
4704
16993
4707
21091
21092
17002
619
8813
4721
8825
4735
12927
4737
12933
4742
8839
8844
8845
653
21133
8846
21147
8861
4769
17058
17059
17060
17061
4779
8880
8881
12979
4805
21194
13003
17104
13011
21204
8922
13023
21216
13025
17133
4852
21236
4853
4859
765
4862
8958
8959
768
770
13059
4870
21256
8969
4875
17163
21267
794
795
8998
4902
17191
9005
17197
823
21304
830
9023
4932
9029
9037
13133
21327
4943
4958
863
864
866
872
17258
21357
4980
17269
4982
9085
900
4996
4997
21381
17292
17293
5005
17294
21394
13205
5020
17308
925
9118
9119
5025
9129
17321
17325
9135
943
5040
17332
9141
17337
21436
21437
21447
21453
17362
5075
17366
21462
21472
21476
998
21480
13290
5106
5110
9207
9208
1017
5114
17415
9228
17427
9240
5153
9253
1061
5161
17451
13361
1083
9279
13381
13386
21581
13392
5205
17499
1123
1127
17513
9325
9333
13430
9340
5245
17533
17537
5252
13445
13450
21649
5266
5268
21655
5273
21662
9377
9379
5289
5291
17582
5299
9409
13506
13512
5323
17612
9421
5327
13519
21723
9443
13544
1257
5355
13548
17647
17648
9457
5365
1271
1272
1285
13577
1299
13593
13602
21804
21805
13615
21810
13620
1332
1333
13622
21817
21818
21821
5439
9537
21827
9540
9546
17742
13649
13651
13652
17748
9556
17749
21848
13661
21855
1381
9577
1399
17789
5501
5506
13706
13707
17807
21905
9624
17817
13723
5531
21916
9630
1445
9639
17832
1459
9656
5575
13767
1480
13769
9676
13773
13777
17876
9694
1504
1505
9702
5607
13800
17904
9714
9723
17916
5633
9730
5636
1543
17930
22038
5678
5679
22068
5690
9787
9788
9790
5697
9794
9798
9799
13904
1622
22102
13913
1630
1639
13930
5740
22128
9843
1653
18046
22143
22144
9857
9863
13960
22155
18059
5777
22161
5784
9884
13981
13984
13988
13992
5810
22195
9910
14012
22208
14021
1741
22221
9935
22226
14037
1756
9950
14047
1760
14048
14052
5862
5867
9965
5869
14065
5882
1786
5889
18180
5894
10002
1810
10004
10006
22294
1817
18210
10020
5937
1846
18232
5947
18242
1863
22351
5975
10073
5978
1883
5985
18274
10083
1905
10100
18295
18297
14210
18308
6030
10130
1946
18335
18336
18337
10152
10153
6065
1971
14260
10165
1973
1975
10174
22472
22473
22475
18381
18382
22483
2004
14292
22486
6107
22498
14312
2027
14316
6130
2035
6132
14325
10230
14326
2048
2049
22537
6154
6155
10251
6161
2065
10258
2066
14359
22551
22553
6174
10271
14375
10279
18474
6196
10306
6210
10308
18509
14416
2136
6235
6238
6239
2145
10338
10340
18535
18536
14440
14442
6250
6251
14446
14457
14458
6266
22653
2176
22665
10381
18576
22673
2200
18589
18591
22688
18593
10402
10403
14507
18603
6316
2223
22708
2236
18623
22722
6341
18629
6349
2257
22739
6373
2277
22759
2279
10472
22765
18672
6386
2297
22779
2299
22785
6408
10506
2315
18699
18701
18704
2324
6420
6421
10524
6442
6443
18736
14644
18748
10567
10568
14665
14666
10571
6479
6482
6484
18774
2390
6491
14684
14687
14694
10606
14705
10610
18803
2422
2429
14726
14745
14748
6561
6562
2470
2472
18856
22952
18857
22955
22957
6578
22964
2484
2500
22985
2506
14796
2509
14802
2518
2520
14812
23004
18909
6627
10724
2537
14825
6633
2538
6637
10733
6640
18932
6644
18933
10745
18943
18947
6673
18967
14878
10785
6689
6694
18989
14894
6703
10802
2615
19000
14905
19013
14918
2631
6731
23115
14926
14929
6738
6740
19034
2651
2652
6752
14945
23137
10849
14949
14950
23143
6760
2666
6762
6770
10875
19069
2685
10878
10884
2693
6790
6791
6796
23180
23183
10897
19095
15001
15002
23196
6816
2720
2721
23206
10919
15016
2735
10929
2743
6839
10936
15035
6847
15055
15057
15060
6870
2775
6875
15071
6891
19179
6893
10989
10996
10998
11000
2808
11003
11005
2819
19204
6920
2829
11026
19220
23322
23324
23327
19235
6948
6949
11045
6955
11052
19249
23350
11066
2875
11073
19280
11093
11094
2907
2908
7015
7016
15211
7020
7033
19322
15231
7045
7046
2950
2953
7051
2961
11154
19347
23445
2966
11159
11161
15260
2974
19364
23463
19368
11182
19381
7096
3001
15289
3008
15296
23488
23489
15304
11210
19404
11214
23503
11217
3025
7133
7135
3040
15331
15332
7142
3046
19430
7143
19434
3057
3058
7156
19444
3063
19456
19457
11277
3085
19469
11279
19471
3087
19473
15384
23589
23591
11304
3116
23608
19515
7228
19520
7241
19537
7252
3163
3164
15454
11362
11369
3182
11381
23671
15502
15510
11422
3230
23710
7329
7334
11435
15540
3252
11447
7355
11456
19657
19661
11471
23768
19673
3292
11486
15582
11487
23776
7401
15595
19691
3308
11501
19702
3324
3331
19717
19718
19720
23818
11533
11538
19735
15645
3359
15657
15671
11576
19768
11581
23877
23879
7498
7499
15692
7504
19794
3413
3420
19809
15718
3431
11623
23912
7529
19820
7536
7540
11642
11653
15760
7569
7570
7578
23965
19874
3493
3494
7595
3501
19888
19889
19890
11714
11720
7633
7639
15837
19934
7647
11743
3554
19949
3578
3582
11779
11780
3590
19979
19980
19984
19988
19989
19992
7712
3619
15907
7717
11814
7720
3626
11820
7727
3639
20025
7741
3649
7752
20040
7757
3663
15958
20061
3681
7778
15970
3683
3688
15990
15991
20091
11899
7804
11901
3712
20098
3716
16008
11912
3723
16013
7825
11921
11922
16019
7841
11939
7845
7846
16039
16042
11948
11953
7872
16064
7897
3805
3806
11999
3810
20202
20206
3826
20211
3827
16119
20215
3839
3841
16138
12044
12051
7958
7959
20253
12062
7968
3872
7970
3876
7983
12087
3896
12089
20282
8001
3905
8002
8007
8013
12109
12113
20305
12118
12134
20327
16231
3946
3949
20334
16241
12147
12152
8058
16251
16254
3967
20359
8074
16269
3991
20377
4001
12198
8107
12208
12212
8116
12216
16314
20412
12220
4031
4033
4034
8131
4036
4042
12243
4053
20442
4060
16349
16350
12261
16371
16373
16374
16377
12281
20478
)


// ************************************************************************* //
