# Force       
# CofR        : (0.000000e+00 0.000000e+00 0.000000e+00)
#
# Time        	total_x total_y total_z	pressure_x pressure_y pressure_z	viscous_x viscous_y viscous_z
1.83002        -1.674975e-03 -1.392083e+00 2.987167e-03 -1.824498e-03 -1.396780e+00 2.933110e-03 1.495228e-04 4.696583e-03 5.405693e-05
1.84           1.886970e-03 -1.386656e+00 2.843094e-03 1.765450e-03 -1.391255e+00 2.940580e-03 1.215199e-04 4.599092e-03 -9.748636e-05
1.85001        2.986589e-03 -1.390914e+00 -2.036755e-04 3.015870e-03 -1.395525e+00 -4.703050e-05 -2.928016e-05 4.610395e-03 -1.566450e-04
1.86           1.590566e-03 -1.392377e+00 -3.037656e-03 1.742106e-03 -1.397073e+00 -2.989264e-03 -1.515404e-04 4.696436e-03 -4.839228e-05
1.87           -1.983930e-03 -1.386738e+00 -2.803398e-03 -1.866972e-03 -1.391345e+00 -2.905614e-03 -1.169580e-04 4.607050e-03 1.022154e-04
1.88           -2.973640e-03 -1.390477e+00 3.519223e-04 -3.007443e-03 -1.395073e+00 1.968945e-04 3.380393e-05 4.595482e-03 1.550278e-04
1.89002        -1.482843e-03 -1.392627e+00 3.124067e-03 -1.636300e-03 -1.397328e+00 3.081875e-03 1.534573e-04 4.701593e-03 4.219211e-05
1.9            2.092331e-03 -1.386881e+00 2.753054e-03 1.979803e-03 -1.391501e+00 2.860159e-03 1.125282e-04 4.620189e-03 -1.071044e-04
1.91001        2.965744e-03 -1.390066e+00 -4.934019e-04 3.004671e-03 -1.394655e+00 -3.398803e-04 -3.892633e-05 4.589014e-03 -1.535216e-04
1.92           1.362538e-03 -1.392598e+00 -3.161858e-03 1.517352e-03 -1.397299e+00 -3.125596e-03 -1.548139e-04 4.700864e-03 -3.626242e-05
1.93001        -2.203524e-03 -1.387002e+00 -2.699047e-03 -2.096072e-03 -1.391629e+00 -2.810848e-03 -1.074520e-04 4.627907e-03 1.118015e-04
1.94           -2.970436e-03 -1.389612e+00 5.913726e-04 -3.014036e-03 -1.394188e+00 4.401819e-04 4.360001e-05 4.576006e-03 1.511907e-04
1.95002        -1.229690e-03 -1.392719e+00 3.174467e-03 -1.386182e-03 -1.397423e+00 3.145278e-03 1.564917e-04 4.704050e-03 2.918868e-05
1.96           2.360493e-03 -1.387370e+00 2.624080e-03 2.257839e-03 -1.392011e+00 2.739978e-03 1.026543e-04 4.640891e-03 -1.158976e-04
1.97001        3.000996e-03 -1.389181e+00 -6.933427e-04 3.049633e-03 -1.393751e+00 -5.437858e-04 -4.863663e-05 4.569766e-03 -1.495569e-04
1.98           1.058774e-03 -1.392480e+00 -3.121361e-03 1.216462e-03 -1.397180e+00 -3.098530e-03 -1.576880e-04 4.699106e-03 -2.283069e-05
1.99001        -2.444220e-03 -1.387836e+00 -2.536932e-03 -2.346509e-03 -1.392484e+00 -2.656869e-03 -9.771091e-05 4.648465e-03 1.199378e-04
2              -3.025949e-03 -1.388730e+00 8.363607e-04 -3.078987e-03 -1.393290e+00 6.891363e-04 5.303744e-05 4.559490e-03 1.472245e-04
2.01002        -9.101446e-04 -1.392595e+00 3.077428e-03 -1.069031e-03 -1.397294e+00 3.061127e-03 1.588868e-04 4.699102e-03 1.630085e-05
2.02           2.538458e-03 -1.388236e+00 2.474836e-03 2.445526e-03 -1.392897e+00 2.598441e-03 9.293223e-05 4.660234e-03 -1.236052e-04
2.03           3.004596e-03 -1.388365e+00 -9.925733e-04 3.062217e-03 -1.392922e+00 -8.475122e-04 -5.762170e-05 4.557705e-03 -1.450611e-04
2.04           7.450227e-04 -1.392480e+00 -3.024026e-03 9.039009e-04 -1.397170e+00 -3.013198e-03 -1.588782e-04 4.690405e-03 -1.082779e-05
2.05001        -2.613102e-03 -1.388699e+00 -2.398754e-03 -2.525370e-03 -1.393365e+00 -2.526132e-03 -8.773237e-05 4.665981e-03 1.273775e-04
2.06           -2.984963e-03 -1.387876e+00 1.122723e-03 -3.047397e-03 -1.392433e+00 9.798871e-04 6.243334e-05 4.557124e-03 1.428360e-04
2.07002        -6.049735e-04 -1.392477e+00 2.981271e-03 -7.638735e-04 -1.397163e+00 2.976203e-03 1.589000e-04 4.685988e-03 5.067208e-06
2.08           2.704348e-03 -1.389159e+00 2.290124e-03 2.621713e-03 -1.393835e+00 2.421146e-03 8.263423e-05 4.676144e-03 -1.310219e-04
2.09           2.954241e-03 -1.387434e+00 -1.233295e-03 3.022642e-03 -1.391998e+00 -1.092410e-03 -6.840061e-05 4.563281e-03 -1.408847e-04
2.1            4.593141e-04 -1.392293e+00 -2.933294e-03 6.177089e-04 -1.396966e+00 -2.933659e-03 -1.583949e-04 4.673087e-03 3.648641e-07
2.11002        -2.760691e-03 -1.389756e+00 -2.126570e-03 -2.683532e-03 -1.394436e+00 -2.261571e-03 -7.715886e-05 4.680155e-03 1.350006e-04
2.12           -2.910496e-03 -1.387000e+00 1.347877e-03 -2.985210e-03 -1.391566e+00 1.210469e-03 7.471380e-05 4.566385e-03 1.374085e-04
2.13002        -3.702815e-04 -1.392155e+00 2.950928e-03 -5.285236e-04 -1.396821e+00 2.957342e-03 1.582421e-04 4.665727e-03 -6.414288e-06
2.14           2.837172e-03 -1.390122e+00 2.013857e-03 2.764644e-03 -1.394803e+00 2.152336e-03 7.252822e-05 4.681150e-03 -1.384791e-04
2.15           2.927783e-03 -1.386872e+00 -1.452647e-03 3.008861e-03 -1.391446e+00 -1.318609e-03 -8.107804e-05 4.574108e-03 -1.340380e-04
2.16           2.214720e-04 -1.391844e+00 -2.938917e-03 3.797536e-04 -1.396494e+00 -2.951061e-03 -1.582816e-04 4.650911e-03 1.214432e-05
2.17002        -2.889201e-03 -1.390823e+00 -1.903949e-03 -2.821803e-03 -1.395512e+00 -2.046051e-03 -6.739767e-05 4.689625e-03 1.421026e-04
2.18           -2.936722e-03 -1.386664e+00 1.587569e-03 -3.023110e-03 -1.391242e+00 1.457178e-03 8.638785e-05 4.578062e-03 1.303911e-04
2.19001        -6.957146e-05 -1.391711e+00 2.937715e-03 -2.277699e-04 -1.396353e+00 2.955825e-03 1.581984e-04 4.641814e-03 -1.811018e-05
2.2            2.950088e-03 -1.391257e+00 1.815804e-03 2.887893e-03 -1.395947e+00 1.961259e-03 6.219531e-05 4.689684e-03 -1.454543e-04
2.21           2.908019e-03 -1.386543e+00 -1.719878e-03 2.999083e-03 -1.391129e+00 -1.593184e-03 -9.106398e-05 4.586197e-03 -1.266932e-04
2.22           -4.325806e-05 -1.391370e+00 -2.964044e-03 1.142416e-04 -1.395995e+00 -2.987113e-03 -1.574997e-04 4.625518e-03 2.306888e-05
2.23002        -2.970795e-03 -1.391974e+00 -1.697129e-03 -2.914906e-03 -1.396670e+00 -1.845848e-03 -5.588892e-05 4.695759e-03 1.487185e-04
2.24           -2.840740e-03 -1.386673e+00 1.861609e-03 -2.936816e-03 -1.391269e+00 1.738855e-03 9.607574e-05 4.596217e-03 1.227543e-04
2.25001        1.783303e-04 -1.391066e+00 2.975921e-03 2.139283e-05 -1.395680e+00 3.003805e-03 1.569375e-04 4.614516e-03 -2.788391e-05
2.26           3.025531e-03 -1.392255e+00 1.626765e-03 2.975374e-03 -1.396951e+00 1.777714e-03 5.015773e-05 4.695630e-03 -1.509499e-04
2.27           2.822859e-03 -1.386659e+00 -1.957868e-03 2.923614e-03 -1.391263e+00 -1.839580e-03 -1.007551e-04 4.603927e-03 -1.182882e-04
2.28           -3.064926e-04 -1.390635e+00 -2.974595e-03 -1.509734e-04 -1.395234e+00 -3.006977e-03 -1.555191e-04 4.598698e-03 3.238120e-05
2.29002        -3.094537e-03 -1.392623e+00 -1.496657e-03 -3.050551e-03 -1.397324e+00 -1.649625e-03 -4.398599e-05 4.700957e-03 1.529683e-04
2.3            -2.758730e-03 -1.386898e+00 2.053375e-03 -2.864405e-03 -1.391515e+00 1.939451e-03 1.056753e-04 4.617092e-03 1.139237e-04
2.31001        4.624380e-04 -1.390247e+00 2.956483e-03 3.083630e-04 -1.394839e+00 2.993922e-03 1.540750e-04 4.591740e-03 -3.743926e-05
2.32           3.156876e-03 -1.392570e+00 1.403928e-03 3.118689e-03 -1.397270e+00 1.558296e-03 3.818620e-05 4.700385e-03 -1.543678e-04
2.33001        2.721217e-03 -1.386915e+00 -2.175888e-03 2.831662e-03 -1.391540e+00 -2.066922e-03 -1.104448e-04 4.624798e-03 -1.089663e-04
2.34           -5.641323e-04 -1.389764e+00 -2.965499e-03 -4.122705e-04 -1.394344e+00 -3.007644e-03 -1.518618e-04 4.579465e-03 4.214435e-05
2.35002        -3.171408e-03 -1.392915e+00 -1.255212e-03 -3.140186e-03 -1.397619e+00 -1.411258e-03 -3.122218e-05 4.703977e-03 1.560461e-04
2.36           -2.645206e-03 -1.387285e+00 2.307609e-03 -2.759891e-03 -1.391922e+00 2.203491e-03 1.146846e-04 4.637737e-03 1.041186e-04
2.37001        6.578484e-04 -1.389369e+00 2.981129e-03 5.077650e-04 -1.393941e+00 3.028358e-03 1.500833e-04 4.571858e-03 -4.722922e-05
2.38           3.147652e-03 -1.392459e+00 1.121608e-03 3.122847e-03 -1.397159e+00 1.278889e-03 2.480503e-05 4.699867e-03 -1.572810e-04
2.39001        2.557436e-03 -1.387654e+00 -2.428395e-03 2.676216e-03 -1.392300e+00 -2.329229e-03 -1.187806e-04 4.645551e-03 -9.916590e-05
2.4            -7.850877e-04 -1.388889e+00 -3.016415e-03 -6.371489e-04 -1.393451e+00 -3.068089e-03 -1.479388e-04 4.561711e-03 5.167382e-05
2.41002        -3.086174e-03 -1.392627e+00 -9.396987e-04 -3.068069e-03 -1.397327e+00 -1.098362e-03 -1.810481e-05 4.700299e-03 1.586633e-04
2.42           -2.490121e-03 -1.388161e+00 2.506294e-03 -2.612623e-03 -1.392818e+00 2.411882e-03 1.225019e-04 4.657575e-03 9.441201e-05
2.43           9.444498e-04 -1.388538e+00 3.006603e-03 7.986856e-04 -1.393096e+00 3.062914e-03 1.457643e-04 4.558225e-03 -5.631069e-05
2.44           3.046902e-03 -1.392461e+00 7.982707e-04 3.034399e-03 -1.397153e+00 9.571732e-04 1.250281e-05 4.692182e-03 -1.589025e-04
2.45001        2.426132e-03 -1.388530e+00 -2.587181e-03 2.552385e-03 -1.393193e+00 -2.497903e-03 -1.262532e-04 4.663581e-03 -8.927814e-05
2.46           -1.080988e-03 -1.388052e+00 -2.982870e-03 -9.375708e-04 -1.392608e+00 -3.043775e-03 -1.434170e-04 4.556145e-03 6.090420e-05
2.47002        -2.985548e-03 -1.392531e+00 -6.369447e-04 -2.978859e-03 -1.397220e+00 -7.958904e-04 -6.689085e-06 4.688550e-03 1.589457e-04
2.48           -2.324433e-03 -1.389045e+00 2.670308e-03 -2.454307e-03 -1.393719e+00 2.586083e-03 1.298737e-04 4.673946e-03 8.422498e-05
2.49           1.191683e-03 -1.387613e+00 2.962882e-03 1.049997e-03 -1.392175e+00 3.029394e-03 1.416858e-04 4.561865e-03 -6.651144e-05
2.5            2.949613e-03 -1.392305e+00 5.093960e-04 2.948234e-03 -1.396981e+00 6.679160e-04 1.378331e-06 4.676113e-03 -1.585200e-04
2.51002        2.178617e-03 -1.389541e+00 -2.750672e-03 2.312495e-03 -1.394219e+00 -2.671935e-03 -1.338779e-04 4.678342e-03 -7.873691e-05
2.52           -1.303783e-03 -1.387162e+00 -2.911892e-03 -1.165266e-03 -1.391726e+00 -2.984672e-03 -1.385173e-04 4.564761e-03 7.278001e-05
2.53002        -2.931876e-03 -1.392253e+00 -3.845245e-04 -2.936567e-03 -1.396922e+00 -5.428067e-04 4.690989e-06 4.669021e-03 1.582822e-04
2.54           -2.051455e-03 -1.389922e+00 2.818832e-03 -2.188906e-03 -1.394601e+00 2.744880e-03 1.374512e-04 4.679414e-03 7.395248e-05
2.55           1.428746e-03 -1.386865e+00 2.931918e-03 1.293706e-03 -1.391437e+00 3.011201e-03 1.350401e-04 4.572312e-03 -7.928228e-05
2.56           2.933944e-03 -1.391940e+00 2.585984e-04 2.944280e-03 -1.396595e+00 4.167946e-04 -1.033643e-05 4.654452e-03 -1.581962e-04
2.57002        1.929668e-03 -1.390686e+00 -2.864341e-03 2.070708e-03 -1.395374e+00 -2.795467e-03 -1.410402e-04 4.688436e-03 -6.887375e-05
2.58           -1.538838e-03 -1.386665e+00 -2.937437e-03 -1.407418e-03 -1.391241e+00 -3.022265e-03 -1.314205e-04 4.576373e-03 8.482875e-05
2.59001        -2.939735e-03 -1.391766e+00 -1.193939e-04 -2.956192e-03 -1.396412e+00 -2.777278e-04 1.645766e-05 4.645586e-03 1.583339e-04
2.6            -1.836958e-03 -1.391113e+00 2.936426e-03 -1.981399e-03 -1.395801e+00 2.872495e-03 1.444418e-04 4.688621e-03 6.393168e-05
2.61           1.662395e-03 -1.386616e+00 2.916930e-03 1.534511e-03 -1.391200e+00 3.006642e-03 1.278842e-04 4.584069e-03 -8.971160e-05
2.62           2.967866e-03 -1.391422e+00 1.019823e-05 2.989461e-03 -1.396051e+00 1.678597e-04 -2.159509e-05 4.629421e-03 -1.576614e-04
2.63002        1.749676e-03 -1.391778e+00 -2.969785e-03 1.897522e-03 -1.396473e+00 -2.912071e-03 -1.478458e-04 4.694926e-03 -5.771383e-05
2.64           -1.836689e-03 -1.386604e+00 -2.852033e-03 -1.712706e-03 -1.391198e+00 -2.946637e-03 -1.239828e-04 4.593490e-03 9.460321e-05
2.65001        -2.991518e-03 -1.391133e+00 1.335375e-04 -3.018035e-03 -1.395752e+00 -2.364850e-05 2.651768e-05 4.618657e-03 1.571860e-04
2.66           -1.631256e-03 -1.392206e+00 3.002212e-03 -1.781567e-03 -1.396901e+00 2.950266e-03 1.503109e-04 4.694954e-03 5.194605e-05
2.67           1.915835e-03 -1.386646e+00 2.830992e-03 1.796215e-03 -1.391247e+00 2.930288e-03 1.196200e-04 4.600747e-03 -9.929630e-05
2.68           2.979990e-03 -1.390719e+00 -2.568629e-04 3.010962e-03 -1.395321e+00 -1.009435e-04 -3.097258e-05 4.602242e-03 -1.559193e-04
2.69002        1.552159e-03 -1.392519e+00 -3.078370e-03 1.704614e-03 -1.397220e+00 -3.032625e-03 -1.524551e-04 4.700287e-03 -4.574515e-05
2.7            -2.034836e-03 -1.386830e+00 -2.783275e-03 -1.919554e-03 -1.391444e+00 -2.887496e-03 -1.152823e-04 4.613869e-03 1.042213e-04
2.71001        -2.966254e-03 -1.390354e+00 4.178178e-04 -3.002205e-03 -1.394948e+00 2.632233e-04 3.595088e-05 4.594297e-03 1.545945e-04
2.72           -1.421555e-03 -1.392609e+00 3.141122e-03 -1.575458e-03 -1.397309e+00 3.101055e-03 1.539032e-04 4.699816e-03 4.006630e-05
2.73001        2.131472e-03 -1.386894e+00 2.738075e-03 2.021008e-03 -1.391516e+00 2.847133e-03 1.104637e-04 4.621716e-03 -1.090582e-04
2.74           2.969895e-03 -1.389838e+00 -5.336506e-04 3.010589e-03 -1.394421e+00 -3.811718e-04 -4.069377e-05 4.582512e-03 -1.524788e-04
2.75002        1.320341e-03 -1.393217e+00 -3.184395e-03 1.475949e-03 -1.397920e+00 -3.151157e-03 -1.556080e-04 4.703718e-03 -3.323823e-05
2.76           -2.267219e-03 -1.387138e+00 -2.671550e-03 -2.161633e-03 -1.391773e+00 -2.785026e-03 -1.055857e-04 4.634637e-03 1.134762e-04
2.77001        -2.983436e-03 -1.389463e+00 6.315950e-04 -3.029181e-03 -1.394037e+00 4.809543e-04 4.574540e-05 4.574301e-03 1.506408e-04
2.78           -1.154875e-03 -1.392510e+00 3.150084e-03 -1.311727e-03 -1.397211e+00 3.123275e-03 1.568522e-04 4.700478e-03 2.680901e-05
2.79001        2.392224e-03 -1.387537e+00 2.586832e-03 2.291594e-03 -1.392180e+00 2.704399e-03 1.006294e-04 4.642533e-03 -1.175664e-04
2.8            3.009290e-03 -1.388964e+00 -7.457673e-04 3.059622e-03 -1.393528e+00 -5.971830e-04 -5.033202e-05 4.564090e-03 -1.485843e-04
2.81002        1.003455e-03 -1.392595e+00 -3.112108e-03 1.161841e-03 -1.397296e+00 -3.092149e-03 -1.583858e-04 4.701286e-03 -1.995840e-05
2.82           -2.488140e-03 -1.388000e+00 -2.511242e-03 -2.392252e-03 -1.392655e+00 -2.632623e-03 -9.588812e-05 4.654872e-03 1.213812e-04
2.83           -3.024632e-03 -1.388609e+00 8.985457e-04 -3.079643e-03 -1.393168e+00 7.520545e-04 5.501101e-05 4.559217e-03 1.464913e-04
2.84           -8.368737e-04 -1.392484e+00 3.050194e-03 -9.957314e-04 -1.397178e+00 3.035980e-03 1.588578e-04 4.693809e-03 1.421385e-05
2.85001        2.556446e-03 -1.388421e+00 2.447107e-03 2.465651e-03 -1.393082e+00 2.572262e-03 9.079491e-05 4.661072e-03 -1.251547e-04
2.86           2.988808e-03 -1.388155e+00 -1.045439e-03 3.048183e-03 -1.392710e+00 -9.014619e-04 -5.937508e-05 4.555472e-03 -1.439767e-04
2.87002        7.000716e-04 -1.392520e+00 -3.018927e-03 8.590325e-04 -1.397211e+00 -3.010596e-03 -1.589609e-04 4.690958e-03 -8.331239e-06
2.88           -2.653188e-03 -1.388869e+00 -2.368485e-03 -2.567376e-03 -1.393541e+00 -2.497241e-03 -8.581178e-05 4.671688e-03 1.287564e-04
2.89           -2.978269e-03 -1.387713e+00 1.166825e-03 -3.042984e-03 -1.392274e+00 1.024488e-03 6.471440e-05 4.560772e-03 1.423370e-04
2.9            -5.343878e-04 -1.392380e+00 2.945739e-03 -6.930110e-04 -1.397059e+00 2.942656e-03 1.586233e-04 4.679006e-03 3.082931e-06
2.91001        2.726895e-03 -1.389405e+00 2.217352e-03 2.646581e-03 -1.394081e+00 2.350060e-03 8.031378e-05 4.676404e-03 -1.327088e-04
2.92           2.928546e-03 -1.387247e+00 -1.274939e-03 2.999385e-03 -1.391810e+00 -1.135439e-03 -7.083901e-05 4.563285e-03 -1.395001e-04
2.93002        4.286353e-04 -1.392275e+00 -2.942066e-03 5.870294e-04 -1.396947e+00 -2.945036e-03 -1.583941e-04 4.672226e-03 2.969839e-06
2.94           -2.798090e-03 -1.389944e+00 -2.092582e-03 -2.722797e-03 -1.394629e+00 -2.228901e-03 -7.529292e-05 4.684914e-03 1.363193e-04
2.95           -2.927388e-03 -1.386899e+00 1.397519e-03 -3.004822e-03 -1.391469e+00 1.261470e-03 7.743380e-05 4.570607e-03 1.360492e-04
2.96           -3.069180e-04 -1.392001e+00 2.938188e-03 -4.649796e-04 -1.396659e+00 2.946732e-03 1.580616e-04 4.657929e-03 -8.543539e-06
2.97002        2.856914e-03 -1.390502e+00 1.970193e-03 2.786583e-03 -1.395189e+00 2.110167e-03 7.033122e-05 4.687168e-03 -1.399740e-04
2.98           2.930637e-03 -1.386709e+00 -1.496878e-03 3.013894e-03 -1.391283e+00 -1.364392e-03 -8.325719e-05 4.574706e-03 -1.324861e-04
2.99002        1.577305e-04 -1.391849e+00 -2.933380e-03 3.161615e-04 -1.396498e+00 -2.948148e-03 -1.584310e-04 4.649275e-03 1.476809e-05
3              -2.923615e-03 -1.390928e+00 -1.870260e-03 -2.858010e-03 -1.395615e+00 -2.013649e-03 -6.560482e-05 4.687515e-03 1.433887e-04
3.01           -2.925474e-03 -1.386652e+00 1.634832e-03 -3.013845e-03 -1.391235e+00 1.505814e-03 8.837076e-05 4.582145e-03 1.290181e-04
3.02           -4.787858e-05 -1.391479e+00 2.966980e-03 -2.056998e-04 -1.396113e+00 2.987028e-03 1.578213e-04 4.633460e-03 -2.004888e-05
3.03002        2.965460e-03 -1.391614e+00 1.780609e-03 2.905956e-03 -1.396308e+00 1.927539e-03 5.950387e-05 4.694086e-03 -1.469296e-04
3.04           2.871937e-03 -1.386581e+00 -1.791757e-03 2.965013e-03 -1.391172e+00 -1.666549e-03 -9.307566e-05 4.590924e-03 -1.252078e-04
3.05001        -9.270498e-05 -1.391242e+00 -2.990121e-03 6.472935e-05 -1.395865e+00 -3.015260e-03 -1.574343e-04 4.622985e-03 2.513924e-05
3.06           -2.984117e-03 -1.392063e+00 -1.655816e-03 -2.930352e-03 -1.396757e+00 -1.805416e-03 -5.376505e-05 4.694143e-03 1.496001e-04
3.07           -2.831747e-03 -1.386596e+00 1.886363e-03 -2.929642e-03 -1.391193e+00 1.765409e-03 9.789434e-05 4.597788e-03 1.209549e-04
3.08           2.171421e-04 -1.390833e+00 2.978095e-03 6.085243e-05 -1.395439e+00 3.007665e-03 1.562897e-04 4.606028e-03 -2.957032e-05
3.09002        3.061158e-03 -1.392456e+00 1.593630e-03 3.013672e-03 -1.397156e+00 1.745548e-03 4.748618e-05 4.699497e-03 -1.519177e-04
3.1            2.801348e-03 -1.386803e+00 -2.003341e-03 2.904080e-03 -1.391413e+00 -1.886721e-03 -1.027318e-04 4.610601e-03 -1.166202e-04
3.11001        -3.734161e-04 -1.390498e+00 -2.967554e-03 -2.183227e-04 -1.395096e+00 -3.002037e-03 -1.550935e-04 4.597341e-03 3.448363e-05
3.12           -3.120143e-03 -1.392591e+00 -1.460643e-03 -3.078236e-03 -1.397290e+00 -1.614073e-03 -4.190723e-05 4.699197e-03 1.534300e-04
3.13001        -2.747646e-03 -1.386852e+00 2.095144e-03 -2.855278e-03 -1.391471e+00 1.983222e-03 1.076316e-04 4.618648e-03 1.119220e-04
3.14           5.012467e-04 -1.389966e+00 2.966402e-03 3.481645e-04 -1.394552e+00 3.005653e-03 1.530822e-04 4.585299e-03 -3.925068e-05
3.15002        3.174495e-03 -1.392643e+00 1.359870e-03 3.139263e-03 -1.397347e+00 1.515032e-03 3.523165e-05 4.703405e-03 -1.551616e-04
3.16           2.694894e-03 -1.387053e+00 -2.222858e-03 2.807106e-03 -1.391684e+00 -2.115799e-03 -1.122121e-04 4.631538e-03 -1.070598e-04
3.17001        -6.028258e-04 -1.389602e+00 -2.977423e-03 -4.516031e-04 -1.394180e+00 -3.021674e-03 -1.512227e-04 4.577463e-03 4.425119e-05
3.18           -3.165125e-03 -1.392533e+00 -1.206416e-03 -3.136273e-03 -1.397234e+00 -1.362833e-03 -2.885193e-05 4.700885e-03 1.564171e-04
3.19001        -2.613266e-03 -1.387400e+00 2.361407e-03 -2.729618e-03 -1.392039e+00 2.259347e-03 1.163512e-04 4.639415e-03 1.020603e-04
3.2            7.045563e-04 -1.389096e+00 2.999421e-03 5.554258e-04 -1.393663e+00 3.048391e-03 1.491305e-04 4.566488e-03 -4.897031e-05
3.21002        3.124463e-03 -1.392597e+00 1.048102e-03 3.102604e-03 -1.397299e+00 1.206154e-03 2.185925e-05 4.702157e-03 -1.580512e-04
3.22           2.530688e-03 -1.387878e+00 -2.461996e-03 2.650938e-03 -1.392530e+00 -2.364650e-03 -1.202500e-04 4.652066e-03 -9.734605e-05
3.23           -8.541364e-04 -1.388728e+00 -3.031800e-03 -7.069264e-04 -1.393289e+00 -3.085434e-03 -1.472100e-04 4.561165e-03 5.363375e-05
3.24           -3.063262e-03 -1.392488e+00 -8.869108e-04 -3.047299e-03 -1.397183e+00 -1.045649e-03 -1.596299e-05 4.695254e-03 1.587386e-04
3.25001        -2.467647e-03 -1.388290e+00 2.535644e-03 -2.591725e-03 -1.392949e+00 2.443363e-03 1.240777e-04 4.658512e-03 9.228136e-05
3.26           1.004524e-03 -1.388287e+00 2.995931e-03 8.599142e-04 -1.392842e+00 3.053880e-03 1.446103e-04 4.555371e-03 -5.794869e-05
3.27002        3.036012e-03 -1.392546e+00 7.447433e-04 3.025990e-03 -1.397239e+00 9.037699e-04 1.002192e-05 4.693124e-03 -1.590266e-04
3.28           2.398826e-03 -1.388732e+00 -2.627060e-03 2.526461e-03 -1.393402e+00 -2.539671e-03 -1.276343e-04 4.669345e-03 -8.738963e-05
3.29           -1.139421e-03 -1.387855e+00 -2.985582e-03 -9.965453e-04 -1.392415e+00 -3.048658e-03 -1.428755e-04 4.559667e-03 6.307695e-05
3.3            -2.962729e-03 -1.392402e+00 -5.790057e-04 -2.957995e-03 -1.397084e+00 -7.376863e-04 -4.733772e-06 4.681757e-03 1.586807e-04
3.31001        -2.262060e-03 -1.389241e+00 2.706368e-03 -2.393619e-03 -1.393916e+00 2.624474e-03 1.315589e-04 4.674355e-03 8.189404e-05
3.32           1.241955e-03 -1.387369e+00 2.942817e-03 1.101549e-03 -1.391930e+00 3.011744e-03 1.404058e-04 4.561739e-03 -6.892737e-05
3.33002        2.945163e-03 -1.392332e+00 4.595998e-04 2.946368e-03 -1.397007e+00 6.181467e-04 -1.205621e-06 4.675325e-03 -1.585470e-04
3.34           2.129589e-03 -1.389782e+00 -2.774669e-03 2.264832e-03 -1.394465e+00 -2.697840e-03 -1.352433e-04 4.683280e-03 -7.682827e-05
3.35           -1.364070e-03 -1.386982e+00 -2.915181e-03 -1.226891e-03 -1.391551e+00 -2.990680e-03 -1.371795e-04 4.568905e-03 7.549882e-05
3.36           -2.944744e-03 -1.392064e+00 -3.525524e-04 -2.951520e-03 -1.396725e+00 -5.105706e-04 6.776233e-06 4.661341e-03 1.580182e-04
3.37002        -2.000250e-03 -1.390331e+00 2.848459e-03 -2.139161e-03 -1.395017e+00 2.776693e-03 1.389113e-04 4.685824e-03 7.176528e-05
3.38           1.470477e-03 -1.386760e+00 2.930251e-03 1.336919e-03 -1.391333e+00 3.011829e-03 1.335581e-04 4.572936e-03 -8.157790e-05
3.39002        2.933561e-03 -1.391922e+00 2.006152e-04 2.946542e-03 -1.396575e+00 3.591048e-04 -1.298061e-05 4.652898e-03 -1.584896e-04
3.4            1.893072e-03 -1.390761e+00 -2.890428e-03 2.035409e-03 -1.395447e+00 -2.823243e-03 -1.423365e-04 4.686401e-03 -6.718459e-05
3.41           -1.601419e-03 -1.386690e+00 -2.935571e-03 -1.471287e-03 -1.391271e+00 -3.022540e-03 -1.301317e-04 4.580370e-03 8.696940e-05
3.42           -2.956018e-03 -1.391553e+00 -7.851418e-05 -2.974471e-03 -1.396191e+00 -2.364791e-04 1.845292e-05 4.637390e-03 1.579649e-04
3.43002        -1.803685e-03 -1.391444e+00 2.956547e-03 -1.949648e-03 -1.396137e+00 2.895278e-03 1.459623e-04 4.693186e-03 6.126933e-05
3.44           1.732173e-03 -1.386556e+00 2.892216e-03 1.605981e-03 -1.391141e+00 2.983665e-03 1.261917e-04 4.585343e-03 -9.144870e-05
3.45001        2.970077e-03 -1.391400e+00 -5.872458e-05 2.993830e-03 -1.396028e+00 9.889346e-05 -2.375306e-05 4.627242e-03 -1.576180e-04
3.46           1.705850e-03 -1.391866e+00 -2.980882e-03 1.854666e-03 -1.396559e+00 -2.925277e-03 -1.488168e-04 4.693297e-03 -5.560483e-05
3.47           -1.877860e-03 -1.386503e+00 -2.841529e-03 -1.755632e-03 -1.391098e+00 -2.938041e-03 -1.222275e-04 4.594954e-03 9.651156e-05
3.48           -2.967733e-03 -1.390989e+00 1.876617e-04 -2.995908e-03 -1.395599e+00 3.105486e-05 2.817477e-05 4.610117e-03 1.566068e-04
3.49002        -1.601563e-03 -1.392421e+00 3.030360e-03 -1.752909e-03 -1.397119e+00 2.981126e-03 1.513464e-04 4.698671e-03 4.923413e-05
3.5            1.961058e-03 -1.386803e+00 2.819472e-03 1.843104e-03 -1.391411e+00 2.920751e-03 1.179532e-04 4.607429e-03 -1.012785e-04
3.51001        2.968984e-03 -1.390662e+00 -3.316926e-04 3.002017e-03 -1.395263e+00 -1.760953e-04 -3.303242e-05 4.600481e-03 -1.555974e-04
3.52           1.506964e-03 -1.392518e+00 -3.103809e-03 1.659905e-03 -1.397217e+00 -3.060100e-03 -1.529408e-04 4.698572e-03 -4.370926e-05
3.53           -2.072791e-03 -1.386793e+00 -2.755070e-03 -1.959446e-03 -1.391409e+00 -2.861235e-03 -1.133449e-04 4.615633e-03 1.061652e-04
3.54           -2.958223e-03 -1.390144e+00 4.701239e-04 -2.996003e-03 -1.394732e+00 3.164790e-04 3.777988e-05 4.588026e-03 1.536449e-04
3.55002        -1.373733e-03 -1.392675e+00 3.149546e-03 -1.528450e-03 -1.397378e+00 3.112364e-03 1.547171e-04 4.703076e-03 3.718197e-05
3.56           2.177641e-03 -1.387029e+00 2.715646e-03 2.069071e-03 -1.391657e+00 2.826511e-03 1.085696e-04 4.628357e-03 -1.108658e-04
3.57001        2.966484e-03 -1.389775e+00 -5.763989e-04 3.009279e-03 -1.394356e+00 -4.245228e-04 -4.279497e-05 4.580910e-03 -1.518761e-04
3.58           1.266055e-03 -1.392543e+00 -3.181019e-03 1.422031e-03 -1.397244e+00 -3.150119e-03 -1.559766e-04 4.701139e-03 -3.090000e-05
3.59001        -2.333166e-03 -1.387238e+00 -2.636620e-03 -2.229664e-03 -1.391874e+00 -2.751773e-03 -1.035018e-04 4.636267e-03 1.151534e-04
3.6            -2.978810e-03 -1.389284e+00 6.675429e-04 -3.026384e-03 -1.393853e+00 5.178856e-04 4.757469e-05 4.568547e-03 1.496573e-04
3.61002        -1.077407e-03 -1.392647e+00 3.126200e-03 -1.235069e-03 -1.397350e+00 3.102395e-03 1.576625e-04 4.702888e-03 2.380503e-05
3.62           2.428690e-03 -1.387778e+00 2.550462e-03 2.329884e-03 -1.392427e+00 2.669563e-03 9.880596e-05 4.649157e-03 -1.191009e-04
3.63           3.022839e-03 -1.388886e+00 -8.040005e-04 3.075103e-03 -1.393449e+00 -6.560632e-04 -5.226434e-05 4.563302e-03 -1.479373e-04
3.64           9.501169e-04 -1.392453e+00 -3.097170e-03 1.108641e-03 -1.397150e+00 -3.079407e-03 -1.585246e-04 4.696512e-03 -1.776274e-05
3.65001        -2.522757e-03 -1.388131e+00 -2.484327e-03 -2.428991e-03 -1.392787e+00 -2.607307e-03 -9.376622e-05 4.655900e-03 1.229797e-04
3.66           -2.998061e-03 -1.388463e+00 9.562514e-04 -3.054700e-03 -1.393019e+00 8.109627e-04 5.663901e-05 4.555731e-03 1.452887e-04
3.67002        -7.665254e-04 -1.392601e+00 3.033550e-03 -9.256121e-04 -1.397296e+00 3.021858e-03 1.590868e-04 4.695004e-03 1.169204e-05
3.68           2.594087e-03 -1.388636e+00 2.416756e-03 2.505150e-03 -1.393303e+00 2.543268e-03 8.893721e-05 4.666943e-03 -1.265119e-04
3.69           2.985133e-03 -1.388034e+00 -1.099306e-03 3.046683e-03 -1.392593e+00 -9.558534e-04 -6.154984e-05 4.558661e-03 -1.434530e-04
3.7            6.392725e-04 -1.392382e+00 -2.992673e-03 7.980025e-04 -1.397067e+00 -2.986309e-03 -1.587300e-04 4.684398e-03 -6.364192e-06
3.71001        -2.685338e-03 -1.389043e+00 -2.310663e-03 -2.601850e-03 -1.393715e+00 -2.441067e-03 -8.348749e-05 4.672189e-03 1.304041e-04
3.72           -2.956472e-03 -1.387541e+00 1.200399e-03 -3.023501e-03 -1.392101e+00 1.059162e-03 6.702953e-05 4.560250e-03 1.412372e-04
3.73002        -4.801429e-04 -1.392417e+00 2.938208e-03 -6.388308e-04 -1.397095e+00 2.937650e-03 1.586879e-04 4.678368e-03 5.575461e-07
3.74           2.751852e-03 -1.389645e+00 2.163803e-03 2.673450e-03 -1.394327e+00 2.297926e-03 7.840177e-05 4.681484e-03 -1.341232e-04
3.75           2.914791e-03 -1.387141e+00 -1.319668e-03 2.988336e-03 -1.391708e+00 -1.181366e-03 -7.354430e-05 4.567264e-03 -1.383020e-04
3.76           3.933010e-04 -1.392114e+00 -2.942258e-03 5.513319e-04 -1.396778e+00 -2.947305e-03 -1.580309e-04 4.664657e-03 5.046696e-06
3.77002        -2.834123e-03 -1.390145e+00 -2.041415e-03 -2.760946e-03 -1.394830e+00 -2.179275e-03 -7.317675e-05 4.684425e-03 1.378601e-04
3.78           -2.931038e-03 -1.386853e+00 1.433262e-03 -3.010872e-03 -1.391424e+00 1.298666e-03 7.983319e-05 4.571080e-03 1.345956e-04
3.79002        -2.291107e-04 -1.392027e+00 2.924232e-03 -3.875695e-04 -1.396684e+00 2.935414e-03 1.584588e-04 4.656468e-03 -1.118189e-05
3.8            2.877296e-03 -1.390551e+00 1.932442e-03 2.808629e-03 -1.395236e+00 2.073735e-03 6.866630e-05 4.685130e-03 -1.412926e-04
3.81           2.943308e-03 -1.386684e+00 -1.561638e-03 3.028738e-03 -1.391263e+00 -1.430458e-03 -8.542998e-05 4.578679e-03 -1.311800e-04
3.82           9.891766e-05 -1.391677e+00 -2.936312e-03 2.570294e-04 -1.396318e+00 -2.953121e-03 -1.581118e-04 4.641146e-03 1.680910e-05
3.83002        -2.939982e-03 -1.391312e+00 -1.816738e-03 -2.876960e-03 -1.396005e+00 -1.961696e-03 -6.302211e-05 4.692247e-03 1.449581e-04
3.84           -2.915783e-03 -1.386620e+00 1.676203e-03 -3.006024e-03 -1.391206e+00 1.548583e-03 9.024088e-05 4.586329e-03 1.276202e-04
3.85001        2.061123e-05 -1.391484e+00 2.966430e-03 -1.372208e-04 -1.396115e+00 2.988746e-03 1.578320e-04 4.631203e-03 -2.231621e-05
3.86           2.974472e-03 -1.391706e+00 1.745578e-03 2.917042e-03 -1.396398e+00 1.893548e-03 5.743063e-05 4.692360e-03 -1.479700e-04
3.87           2.845290e-03 -1.386440e+00 -1.850199e-03 2.940341e-03 -1.391033e+00 -1.726753e-03 -9.505123e-05 4.592289e-03 -1.234463e-04
3.88           -1.537080e-04 -1.391092e+00 -2.971885e-03 3.171362e-06 -1.395706e+00 -2.998676e-03 -1.568794e-04 4.614221e-03 2.679164e-05
3.89002        -3.010821e-03 -1.392345e+00 -1.619746e-03 -2.959811e-03 -1.397043e+00 -1.770472e-03 -5.100993e-05 4.697896e-03 1.507256e-04
3.9            -2.831230e-03 -1.386765e+00 1.924432e-03 -2.931065e-03 -1.391370e+00 1.805149e-03 9.983538e-05 4.604215e-03 1.192835e-04
3.91001        2.801383e-04 -1.390766e+00 2.976567e-03 1.240958e-04 -1.395370e+00 3.008193e-03 1.560425e-04 4.603943e-03 -3.162616e-05
3.92           3.079778e-03 -1.392452e+00 1.545434e-03 3.034308e-03 -1.397150e+00 1.697873e-03 4.547076e-05 4.697849e-03 -1.524386e-04
3.93           2.771523e-03 -1.386762e+00 -2.043456e-03 2.876227e-03 -1.391374e+00 -1.928737e-03 -1.047039e-04 4.612455e-03 -1.147189e-04
3.94           -4.319762e-04 -1.390291e+00 -2.958336e-03 -2.778000e-04 -1.394882e+00 -2.994615e-03 -1.541763e-04 4.590546e-03 3.627906e-05
3.95002        -3.144918e-03 -1.392673e+00 -1.399853e-03 -3.105833e-03 -1.397376e+00 -1.554114e-03 -3.908456e-05 4.702561e-03 1.542618e-04
3.96           -2.734420e-03 -1.386980e+00 2.144336e-03 -2.843929e-03 -1.391605e+00 2.034266e-03 1.095093e-04 4.625288e-03 1.100697e-04
3.97001        5.496349e-04 -1.389895e+00 2.962859e-03 3.971101e-04 -1.394479e+00 3.004200e-03 1.525248e-04 4.584217e-03 -4.134100e-05
3.98           3.183595e-03 -1.392561e+00 1.310191e-03 3.150667e-03 -1.397262e+00 1.465734e-03 3.292788e-05 4.701167e-03 -1.555431e-04
3.99001        2.659819e-03 -1.387120e+00 -2.286680e-03 2.773767e-03 -1.391753e+00 -2.181712e-03 -1.139472e-04 4.633137e-03 -1.049673e-04
4              -6.395527e-04 -1.389415e+00 -2.976737e-03 -4.893484e-04 -1.393986e+00 -3.022840e-03 -1.502042e-04 4.570811e-03 4.610319e-05
4.01002        -3.140085e-03 -1.392674e+00 -1.123763e-03 -3.114307e-03 -1.397377e+00 -1.280998e-03 -2.577842e-05 4.703438e-03 1.572349e-04
4.02           -2.579329e-03 -1.387632e+00 2.400966e-03 -2.697247e-03 -1.392279e+00 2.300709e-03 1.179174e-04 4.646133e-03 1.002566e-04
4.03001        7.611046e-04 -1.389005e+00 3.010961e-03 6.124929e-04 -1.393570e+00 3.061873e-03 1.486117e-04 4.565716e-03 -5.091207e-05
4.04           3.110672e-03 -1.392447e+00 9.981902e-04 3.091057e-03 -1.397144e+00 1.156447e-03 1.961473e-05 4.697603e-03 -1.582564e-04
4.05001        2.504094e-03 -1.388010e+00 -2.495026e-03 2.625955e-03 -1.392663e+00 -2.399773e-03 -1.218612e-04 4.653196e-03 -9.525304e-05
4.06           -9.102598e-04 -1.388581e+00 -3.006434e-03 -7.642409e-04 -1.393138e+00 -3.061766e-03 -1.460189e-04 4.556428e-03 5.533224e-05
4.07002        -3.043665e-03 -1.392614e+00 -8.088358e-04 -3.030285e-03 -1.397310e+00 -9.679085e-04 -1.338065e-05 4.696675e-03 1.590727e-04
4.08           -2.440910e-03 -1.388495e+00 2.567089e-03 -2.566324e-03 -1.393160e+00 2.476639e-03 1.254143e-04 4.664498e-03 9.045034e-05
4.09           1.056164e-03 -1.388182e+00 2.981668e-03 9.121499e-04 -1.392740e+00 3.041697e-03 1.440143e-04 4.557868e-03 -6.002937e-05
4.1            3.020461e-03 -1.392381e+00 6.902215e-04 3.012461e-03 -1.397068e+00 8.489786e-04 7.999544e-06 4.686851e-03 -1.587571e-04
4.11001        2.350201e-03 -1.388896e+00 -2.659174e-03 2.479468e-03 -1.393566e+00 -2.574094e-03 -1.292673e-04 4.669937e-03 -8.508006e-05
4.12           -1.165756e-03 -1.387678e+00 -2.967705e-03 -1.023831e-03 -1.392237e+00 -3.032875e-03 -1.419250e-04 4.558980e-03 6.517013e-05
4.13002        -2.943071e-03 -1.392462e+00 -5.163205e-04 -2.940787e-03 -1.397143e+00 -6.751222e-04 -2.283986e-06 4.681315e-03 1.588017e-04
4.14           -2.210706e-03 -1.389472e+00 2.734797e-03 -2.343661e-03 -1.394151e+00 2.654823e-03 1.329556e-04 4.679592e-03 7.997468e-05
4.15           1.281309e-03 -1.387268e+00 2.923976e-03 1.141959e-03 -1.391833e+00 2.995594e-03 1.393496e-04 4.565774e-03 -7.161841e-05
4.16           2.937301e-03 -1.392171e+00 4.204335e-04 2.940632e-03 -1.396838e+00 5.785670e-04 -3.331752e-06 4.667877e-03 -1.581335e-04
4.17002        2.073174e-03 -1.389997e+00 -2.807828e-03 2.209974e-03 -1.394680e+00 -2.733219e-03 -1.368002e-04 4.682931e-03 -7.460855e-05
4.18           -1.399455e-03 -1.386897e+00 -2.926451e-03 -1.263892e-03 -1.391467e+00 -3.004422e-03 -1.355630e-04 4.569294e-03 7.797104e-05
4.19002        -2.927452e-03 -1.392085e+00 -2.808184e-04 -2.936828e-03 -1.396745e+00 -4.391591e-04 9.376300e-06 4.659987e-03 1.583407e-04
4.2            -1.973347e-03 -1.390367e+00 2.865183e-03 -2.113586e-03 -1.395051e+00 2.795056e-03 1.402394e-04 4.683701e-03 7.012756e-05
4.21           1.507794e-03 -1.386733e+00 2.932490e-03 1.375560e-03 -1.391310e+00 3.016352e-03 1.322338e-04 4.577036e-03 -8.386191e-05
4.22           2.929551e-03 -1.391757e+00 1.359762e-04 2.944682e-03 -1.396402e+00 2.941908e-04 -1.513121e-05 4.644840e-03 -1.582146e-04
4.23002        1.855687e-03 -1.391131e+00 -2.928107e-03 1.999588e-03 -1.395822e+00 -2.863378e-03 -1.439004e-04 4.691324e-03 -6.472935e-05
4.24           -1.649653e-03 -1.386547e+00 -2.926352e-03 -1.521126e-03 -1.391128e+00 -3.015110e-03 -1.285266e-04 4.581119e-03 8.875728e-05
4.25001        -2.967798e-03 -1.391547e+00 -3.180308e-05 -2.988591e-03 -1.396182e+00 -1.897503e-04 2.079230e-05 4.635185e-03 1.579472e-04
4.26           -1.763124e-03 -1.391576e+00 2.964055e-03 -1.910194e-03 -1.396268e+00 2.904822e-03 1.470701e-04 4.691475e-03 5.923232e-05
4.27           1.803738e-03 -1.386349e+00 2.857689e-03 1.679066e-03 -1.390939e+00 2.951213e-03 1.246725e-04 4.589778e-03 -9.352351e-05
4.28           2.982142e-03 -1.391160e+00 -1.038764e-04 3.007554e-03 -1.395779e+00 5.326139e-05 -2.541189e-05 4.618499e-03 -1.571378e-04
4.29002        1.657620e-03 -1.392191e+00 -3.000138e-03 1.807650e-03 -1.396888e+00 -2.947327e-03 -1.500298e-04 4.697130e-03 -5.281089e-05
4.3            -1.902898e-03 -1.386680e+00 -2.841216e-03 -1.782279e-03 -1.391281e+00 -2.939629e-03 -1.206188e-04 4.601110e-03 9.841300e-05
4.31001        -2.988850e-03 -1.390835e+00 2.327461e-04 -3.019075e-03 -1.395442e+00 7.634854e-05 3.022481e-05 4.607643e-03 1.563975e-04
4.32           -1.569980e-03 -1.392431e+00 3.053307e-03 -1.721893e-03 -1.397128e+00 3.006096e-03 1.519137e-04 4.697027e-03 4.721134e-05
4.33           2.005062e-03 -1.386764e+00 2.790536e-03 1.889000e-03 -1.391374e+00 2.893761e-03 1.160613e-04 4.609213e-03 -1.032248e-04
4.34           2.955500e-03 -1.390420e+00 -3.873709e-04 2.990307e-03 -1.395013e+00 -2.326833e-04 -3.480695e-05 4.593397e-03 -1.546876e-04
4.35002        1.467260e-03 -1.392633e+00 -3.145235e-03 1.621044e-03 -1.397335e+00 -3.104284e-03 -1.537841e-04 4.702024e-03 -4.095086e-05
4.36           -2.115028e-03 -1.386900e+00 -2.748866e-03 -2.003488e-03 -1.391522e+00 -2.856962e-03 -1.115394e-04 4.622263e-03 1.080958e-04
4.37001        -2.969567e-03 -1.389976e+00 5.137179e-04 -3.009482e-03 -1.394563e+00 3.605981e-04 3.991493e-05 4.587049e-03 1.531198e-04
4.38           -1.334112e-03 -1.392606e+00 3.168195e-03 -1.489222e-03 -1.397307e+00 3.133265e-03 1.551099e-04 4.701016e-03 3.492958e-05
4.39001        2.231990e-03 -1.387054e+00 2.685583e-03 2.125535e-03 -1.391684e+00 2.798273e-03 1.064544e-04 4.630045e-03 -1.126899e-04
4.4            2.977455e-03 -1.389509e+00 -6.105843e-04 3.022062e-03 -1.394083e+00 -4.598132e-04 -4.460722e-05 4.573756e-03 -1.507711e-04
4.41002        1.195358e-03 -1.392682e+00 -3.165200e-03 1.352152e-03 -1.397386e+00 -3.137397e-03 -1.567937e-04 4.703855e-03 -2.780251e-05
4.42           -2.381289e-03 -1.387458e+00 -2.606098e-03 -2.279600e-03 -1.392101e+00 -2.722815e-03 -1.016897e-04 4.643033e-03 1.167170e-04
4.43001        -3.009615e-03 -1.389086e+00 7.214550e-04 -3.059194e-03 -1.393654e+00 5.722566e-04 4.957968e-05 4.568211e-03 1.491984e-04
4.44           -1.026258e-03 -1.392476e+00 3.111493e-03 -1.184197e-03 -1.397175e+00 3.089977e-03 1.579387e-04 4.698545e-03 2.151574e-05
4.45001        2.460745e-03 -1.387928e+00 2.524242e-03 2.364028e-03 -1.392578e+00 2.644952e-03 9.671740e-05 4.650404e-03 -1.207098e-04
4.46           3.024955e-03 -1.388656e+00 -8.673034e-04 3.078930e-03 -1.393215e+00 -7.205814e-04 -5.397510e-05 4.558150e-03 -1.467220e-04
4.47002        8.763196e-04 -1.392592e+00 -3.067518e-03 1.035308e-03 -1.397290e+00 -3.052410e-03 -1.589883e-04 4.698208e-03 -1.510860e-05
4.48           -2.549899e-03 -1.388321e+00 -2.464186e-03 -2.457962e-03 -1.392983e+00 -2.588526e-03 -9.193666e-05 4.661987e-03 1.243399e-04
4.49           -2.996968e-03 -1.388276e+00 1.022969e-03 -3.055496e-03 -1.392834e+00 8.783416e-04 5.852811e-05 4.557556e-03 1.446271e-04
4.5            -7.222226e-04 -1.392442e+00 3.024290e-03 -8.810444e-04 -1.397131e+00 3.014603e-03 1.588218e-04 4.689037e-03 9.686658e-06
4.51001        2.632155e-03 -1.388794e+00 2.379081e-03 2.545490e-03 -1.393461e+00 2.507225e-03 8.666508e-05 4.667587e-03 -1.281439e-04
4.52           2.980790e-03 -1.387781e+00 -1.144731e-03 3.044286e-03 -1.392339e+00 -1.002248e-03 -6.349605e-05 4.557910e-03 -1.424828e-04
4.53002        5.724973e-04 -1.392466e+00 -2.969555e-03 7.313673e-04 -1.397150e+00 -2.965597e-03 -1.588700e-04 4.684135e-03 -3.957812e-06
4.54           -2.719416e-03 -1.389272e+00 -2.262556e-03 -2.637864e-03 -1.393949e+00 -2.394358e-03 -8.155140e-05 4.677596e-03 1.318020e-04
4.55           -2.938427e-03 -1.387349e+00 1.257761e-03 -3.008132e-03 -1.391914e+00 1.117493e-03 6.970578e-05 4.564326e-03 1.402676e-04
4.56           -4.363890e-04 -1.392260e+00 2.928242e-03 -5.946805e-04 -1.396931e+00 2.929813e-03 1.582915e-04 4.671010e-03 -1.571119e-06
4.57002        2.774053e-03 -1.389871e+00 2.098265e-03 2.697941e-03 -1.394552e+00 2.233998e-03 7.611251e-05 4.681320e-03 -1.357323e-04
4.58           2.916709e-03 -1.386928e+00 -1.372868e-03 2.992754e-03 -1.391496e+00 -1.236218e-03 -7.604553e-05 4.567546e-03 -1.366499e-04
4.59002        3.415149e-04 -1.392113e+00 -2.947567e-03 4.997681e-04 -1.396776e+00 -2.955170e-03 -1.582532e-04 4.663441e-03 7.603216e-06
4.6            -2.849524e-03 -1.390226e+00 -1.995401e-03 -2.777954e-03 -1.394908e+00 -2.134590e-03 -7.156944e-05 4.682198e-03 1.391883e-04
4.61           -2.926340e-03 -1.386835e+00 1.471801e-03 -3.008577e-03 -1.391410e+00 1.338482e-03 8.223770e-05 4.575326e-03 1.333185e-04
4.62           -1.936401e-04 -1.391796e+00 2.938260e-03 -3.519240e-04 -1.396444e+00 2.951632e-03 1.582839e-04 4.648470e-03 -1.337167e-05
4.63002        2.912314e-03 -1.390926e+00 1.893157e-03 2.845954e-03 -1.395616e+00 2.035983e-03 6.635970e-05 4.690341e-03 -1.428259e-04
4.64           2.930659e-03 -1.386638e+00 -1.612961e-03 3.018050e-03 -1.391217e+00 -1.483302e-03 -8.739056e-05 4.579249e-03 -1.296599e-04
4.65001        4.955111e-05 -1.391656e+00 -2.945900e-03 2.076495e-04 -1.396296e+00 -2.965109e-03 -1.580984e-04 4.639209e-03 1.920900e-05
4.66           -2.962832e-03 -1.391362e+00 -1.800577e-03 -2.901830e-03 -1.396052e+00 -1.946703e-03 -6.100169e-05 4.690425e-03 1.461266e-04
4.67           -2.889482e-03 -1.386550e+00 1.757045e-03 -2.981484e-03 -1.391138e+00 1.631163e-03 9.200187e-05 4.587771e-03 1.258817e-04
4.68           6.546260e-05 -1.391278e+00 2.977184e-03 -9.190863e-05 -1.395901e+00 3.001214e-03 1.573712e-04 4.622791e-03 -2.402984e-05
4.69002        2.972493e-03 -1.392081e+00 1.666480e-03 2.917842e-03 -1.396777e+00 1.815751e-03 5.465103e-05 4.696313e-03 -1.492717e-04
4.7            2.838962e-03 -1.386690e+00 -1.875380e-03 2.936015e-03 -1.391289e+00 -1.753453e-03 -9.705284e-05 4.598156e-03 -1.219276e-04
4.71001        -2.030517e-04 -1.390994e+00 -2.974705e-03 -4.630232e-05 -1.395606e+00 -3.003538e-03 -1.567493e-04 4.611730e-03 2.883214e-05
4.72           -3.041221e-03 -1.392303e+00 -1.616512e-03 -2.992265e-03 -1.396999e+00 -1.767866e-03 -4.895603e-05 4.696206e-03 1.513540e-04
4.73           -2.811562e-03 -1.386686e+00 1.982056e-03 -2.913309e-03 -1.391292e+00 1.864676e-03 1.017473e-04 4.606065e-03 1.173797e-04
4.74           3.457569e-04 -1.390584e+00 2.958171e-03 1.905639e-04 -1.395181e+00 2.991508e-03 1.551930e-04 4.596465e-03 -3.333661e-05
4.75002        3.109752e-03 -1.392654e+00 1.474696e-03 3.066981e-03 -1.397356e+00 1.628000e-03 4.277119e-05 4.701383e-03 -1.533041e-04
4.76           2.752789e-03 -1.386911e+00 -2.072786e-03 2.859432e-03 -1.391530e+00 -1.959799e-03 -1.066435e-04 4.619213e-03 -1.129865e-04
4.77001        -4.873127e-04 -1.390155e+00 -2.956404e-03 -3.336089e-04 -1.394745e+00 -2.994856e-03 -1.537038e-04 4.589894e-03 3.845204e-05
4.78           -3.162154e-03 -1.392571e+00 -1.385512e-03 -3.125270e-03 -1.397271e+00 -1.540185e-03 -3.688339e-05 4.700743e-03 1.546725e-04
4.79001        -2.706187e-03 -1.386948e+00 2.198155e-03 -2.817561e-03 -1.391575e+00 2.090215e-03 1.113740e-04 4.626907e-03 1.079399e-04
4.8            5.827358e-04 -1.389683e+00 2.968055e-03 4.313315e-04 -1.394260e+00 3.011187e-03 1.514043e-04 4.577111e-03 -4.313255e-05
