# Moment      
# CofR        : (0.000000e+00 0.000000e+00 0.000000e+00)
#
# Time        	total_x total_y total_z	pressure_x pressure_y pressure_z	viscous_x viscous_y viscous_z
1.83002        1.303554e-04 -2.991129e-01 -3.485230e-05 1.247854e-04 -2.983387e-01 -2.949103e-05 5.570022e-06 -7.742236e-04 -5.361272e-06
1.84           2.719389e-05 -2.981783e-01 -1.259926e-04 2.904247e-05 -2.974122e-01 -1.188225e-04 -1.848584e-06 -7.661564e-04 -7.170053e-06
1.85001        -2.536302e-05 -2.990009e-01 -8.296616e-05 -1.725355e-05 -2.982310e-01 -8.054104e-05 -8.109470e-06 -7.699004e-04 -2.425125e-06
1.86           -1.318029e-04 -2.991474e-01 3.937422e-05 -1.264360e-04 -2.983727e-01 3.380345e-05 -5.366889e-06 -7.747008e-04 5.570766e-06
1.87           -2.480816e-05 -2.981932e-01 1.327193e-04 -2.695693e-05 -2.974268e-01 1.256703e-04 2.148775e-06 -7.663668e-04 7.048977e-06
1.88           2.626592e-05 -2.989242e-01 7.772325e-05 1.815324e-05 -2.981555e-01 7.559937e-05 8.112684e-06 -7.687463e-04 2.123881e-06
1.89002        1.324370e-04 -2.991852e-01 -4.921670e-05 1.273017e-04 -2.984098e-01 -4.340831e-05 5.135331e-06 -7.754263e-04 -5.808393e-06
1.9            1.951669e-05 -2.982281e-01 -1.379348e-04 2.195889e-05 -2.974614e-01 -1.310018e-04 -2.442201e-06 -7.667016e-04 -6.932924e-06
1.91001        -2.984781e-05 -2.988504e-01 -7.443876e-05 -2.175732e-05 -2.980823e-01 -7.263548e-05 -8.090498e-06 -7.680687e-04 -1.803282e-06
1.92           -1.288249e-04 -2.991723e-01 5.414540e-05 -1.238909e-04 -2.983964e-01 4.813925e-05 -4.933923e-06 -7.758576e-04 6.006148e-06
1.93001        -1.392240e-05 -2.982447e-01 1.425164e-04 -1.663016e-05 -2.974777e-01 1.356716e-04 2.707760e-06 -7.670732e-04 6.844770e-06
1.94           3.846484e-05 -2.987627e-01 7.462985e-05 3.045070e-05 -2.979957e-01 7.314674e-05 8.014139e-06 -7.670031e-04 1.483106e-06
1.95002        1.270224e-04 -2.992043e-01 -5.571074e-05 1.222984e-04 -2.984279e-01 -4.943446e-05 4.724025e-06 -7.764123e-04 -6.276275e-06
1.96           1.103266e-06 -2.983195e-01 -1.431109e-04 4.072170e-06 -2.975517e-01 -1.363538e-04 -2.968904e-06 -7.677497e-04 -6.757104e-06
1.97001        -5.154626e-05 -2.986867e-01 -7.541031e-05 -4.353921e-05 -2.979205e-01 -7.428692e-05 -8.007046e-06 -7.661651e-04 -1.123386e-06
1.98           -1.191851e-04 -2.991634e-01 4.950468e-05 -1.146265e-04 -2.983867e-01 4.298233e-05 -4.558625e-06 -7.766469e-04 6.522355e-06
1.99001        2.383031e-06 -2.983981e-01 1.441745e-04 -8.347031e-07 -2.976297e-01 1.375383e-04 3.217734e-06 -7.683689e-04 6.636253e-06
2              6.516841e-05 -2.985963e-01 6.914731e-05 5.727018e-05 -2.978312e-01 6.839736e-05 7.898223e-06 -7.651638e-04 7.499494e-07
2.01002        1.148337e-04 -2.992066e-01 -4.250327e-05 1.104777e-04 -2.984296e-01 -3.570672e-05 4.355993e-06 -7.769767e-04 -6.796553e-06
2.02           -8.924121e-06 -2.984782e-01 -1.455487e-04 -5.446538e-06 -2.977090e-01 -1.390236e-04 -3.477583e-06 -7.691987e-04 -6.525172e-06
2.03           -7.422176e-05 -2.985271e-01 -6.281612e-05 -6.640489e-05 -2.977623e-01 -6.245761e-05 -7.816874e-06 -7.647123e-04 -3.585096e-07
2.04           -1.048106e-04 -2.991912e-01 3.257870e-05 -1.006614e-04 -2.984143e-01 2.561371e-05 -4.149235e-06 -7.769249e-04 6.964996e-06
2.05001        1.135018e-05 -2.985480e-01 1.455356e-04 7.590740e-06 -2.977782e-01 1.391017e-04 3.759436e-06 -7.698211e-04 6.433966e-06
2.06           8.328236e-05 -2.984325e-01 5.870854e-05 7.556427e-05 -2.976680e-01 5.871148e-05 7.718094e-06 -7.644985e-04 -2.942385e-09
2.07002        9.963307e-05 -2.992120e-01 -2.422590e-05 9.571191e-05 -2.984352e-01 -1.711163e-05 3.921161e-06 -7.768083e-04 -7.114267e-06
2.08           -1.726768e-05 -2.986266e-01 -1.405518e-04 -1.324420e-05 -2.978559e-01 -1.341972e-04 -4.023487e-06 -7.706816e-04 -6.354598e-06
2.09           -9.058662e-05 -2.983554e-01 -5.755652e-05 -8.292863e-05 -2.975908e-01 -5.789370e-05 -7.657995e-06 -7.646359e-04 3.371753e-07
2.1            -9.386198e-05 -2.991808e-01 1.657287e-05 -9.011579e-05 -2.984046e-01 9.317358e-06 -3.746196e-06 -7.761997e-04 7.255514e-06
2.11002        1.889316e-05 -2.987186e-01 1.315574e-04 1.459558e-05 -2.979473e-01 1.252750e-04 4.297578e-06 -7.713546e-04 6.282393e-06
2.12           9.686728e-05 -2.982698e-01 5.484215e-05 8.931429e-05 -2.975051e-01 5.548979e-05 7.552995e-06 -7.647022e-04 -6.476472e-07
2.13002        9.569744e-05 -2.991771e-01 -1.775486e-05 9.209776e-05 -2.984014e-01 -1.024902e-05 3.599680e-06 -7.756902e-04 -7.505842e-06
2.14           -2.460343e-05 -2.987655e-01 -1.276713e-04 -2.005282e-05 -2.979937e-01 -1.214833e-04 -4.550608e-06 -7.718583e-04 -6.187992e-06
2.15           -1.099856e-04 -2.982384e-01 -5.200864e-05 -1.025182e-04 -2.974733e-01 -5.295692e-05 -7.467358e-06 -7.650631e-04 9.482814e-07
2.16           -8.982837e-05 -2.991318e-01 1.629306e-05 -8.648929e-05 -2.983572e-01 8.631822e-06 -3.339086e-06 -7.745298e-04 7.661235e-06
2.17002        2.789045e-05 -2.988936e-01 1.280761e-04 2.305827e-05 -2.981209e-01 1.220594e-04 4.832182e-06 -7.727021e-04 6.016652e-06
2.18           1.192636e-04 -2.981907e-01 4.368918e-05 1.119041e-04 -2.974254e-01 4.490444e-05 7.359472e-06 -7.652442e-04 -1.215260e-06
2.19001        8.610021e-05 -2.991208e-01 -1.716053e-05 8.306127e-05 -2.983475e-01 -9.334474e-06 3.038939e-06 -7.732293e-04 -7.826052e-06
2.2            -3.268305e-05 -2.989613e-01 -1.304625e-04 -2.764134e-05 -2.981881e-01 -1.246182e-04 -5.041713e-06 -7.732106e-04 -5.844256e-06
2.21           -1.221023e-04 -2.981594e-01 -3.482747e-05 -1.148450e-04 -2.973938e-01 -3.630108e-05 -7.257252e-06 -7.656082e-04 1.473604e-06
2.22           -8.522757e-05 -2.990647e-01 2.083565e-05 -8.245938e-05 -2.982931e-01 1.291702e-05 -2.768192e-06 -7.715267e-04 7.918635e-06
2.23002        3.312860e-05 -2.990928e-01 1.291110e-04 2.783955e-05 -2.983188e-01 1.234823e-04 5.289052e-06 -7.740339e-04 5.628736e-06
2.24           1.238597e-04 -2.981777e-01 2.823877e-05 1.166597e-04 -2.974116e-01 3.000018e-05 7.199977e-06 -7.660710e-04 -1.761414e-06
2.25001        8.238891e-05 -2.990232e-01 -2.397569e-05 7.988596e-05 -2.982530e-01 -1.589664e-05 2.502942e-06 -7.702611e-04 -8.079060e-06
2.26           -3.840614e-05 -2.991316e-01 -1.324994e-04 -3.290344e-05 -2.983570e-01 -1.270680e-04 -5.502699e-06 -7.745149e-04 -5.431418e-06
2.27           -1.309251e-04 -2.981791e-01 -2.495151e-05 -1.238443e-04 -2.974128e-01 -2.700947e-05 -7.080755e-06 -7.662863e-04 2.057958e-06
2.28           -7.973211e-05 -2.989484e-01 2.590630e-05 -7.751929e-05 -2.981794e-01 1.778848e-05 -2.212815e-06 -7.690218e-04 8.117825e-06
2.29002        4.572587e-05 -2.991867e-01 1.305538e-04 3.998297e-05 -2.984114e-01 1.253520e-04 5.742905e-06 -7.752520e-04 5.201788e-06
2.3            1.356390e-04 -2.982292e-01 2.228654e-05 1.286732e-04 -2.974626e-01 2.464389e-05 6.965797e-06 -7.666144e-04 -2.357347e-06
2.31001        7.482487e-05 -2.988803e-01 -2.736488e-05 7.292256e-05 -2.981120e-01 -1.926254e-05 1.902314e-06 -7.683145e-04 -8.102346e-06
2.32           -5.346585e-05 -2.991677e-01 -1.303993e-04 -4.752422e-05 -2.983920e-01 -1.254018e-04 -5.941633e-06 -7.756919e-04 -4.997536e-06
2.33001        -1.417949e-04 -2.982307e-01 -1.496313e-05 -1.349281e-04 -2.974638e-01 -1.759075e-05 -6.866798e-06 -7.669175e-04 2.627619e-06
2.34           -7.430834e-05 -2.987887e-01 3.622745e-05 -7.272721e-05 -2.980214e-01 2.818986e-05 -1.581130e-06 -7.672987e-04 8.037596e-06
2.35002        5.501259e-05 -2.992406e-01 1.260437e-04 4.881688e-05 -2.984643e-01 1.212637e-04 6.195705e-06 -7.762930e-04 4.779945e-06
2.36           1.431303e-04 -2.983011e-01 5.735595e-06 1.363436e-04 -2.975335e-01 8.628710e-06 6.786676e-06 -7.675577e-04 -2.893114e-06
2.37001        7.679867e-05 -2.987176e-01 -4.692258e-05 7.556776e-05 -2.979512e-01 -3.890334e-05 1.230912e-06 -7.664406e-04 -8.019246e-06
2.38           -5.277922e-05 -2.991567e-01 -1.227800e-04 -4.633846e-05 -2.983801e-01 -1.181715e-04 -6.440765e-06 -7.765633e-04 -4.608473e-06
2.39001        -1.428434e-04 -2.983677e-01 2.624876e-06 -1.361704e-04 -2.975995e-01 -5.179651e-07 -6.673041e-06 -7.681487e-04 3.142841e-06
2.4            -7.262408e-05 -2.986235e-01 6.133356e-05 -7.175183e-05 -2.978581e-01 5.339645e-05 -8.722436e-07 -7.654015e-04 7.937108e-06
2.41002        4.412704e-05 -2.992062e-01 1.148981e-04 3.740020e-05 -2.984293e-01 1.104775e-04 6.726843e-06 -7.769200e-04 4.420610e-06
2.42           1.457381e-04 -2.984607e-01 -5.900116e-06 1.391804e-04 -2.976917e-01 -2.500409e-06 6.557739e-06 -7.689848e-04 -3.399708e-06
2.43           6.563542e-05 -2.985566e-01 -7.157574e-05 6.516169e-05 -2.977918e-01 -6.372429e-05 4.737309e-07 -7.648331e-04 -7.851452e-06
2.44           -3.645777e-05 -2.991860e-01 -1.078929e-04 -2.954220e-05 -2.984091e-01 -1.036792e-04 -6.915567e-06 -7.769234e-04 -4.213728e-06
2.45001        -1.452161e-04 -2.985234e-01 1.082682e-05 -1.387585e-04 -2.977538e-01 7.151710e-06 -6.457596e-06 -7.695989e-04 3.675113e-06
2.46           -6.082409e-05 -2.984607e-01 8.041204e-05 -6.072004e-05 -2.976962e-01 7.267515e-05 -1.040541e-07 -7.644972e-04 7.736883e-06
2.47002        2.570626e-05 -2.992157e-01 1.001571e-04 1.862892e-05 -2.984388e-01 9.616975e-05 7.077344e-06 -7.769223e-04 3.987392e-06
2.48           1.427003e-04 -2.986073e-01 -1.421221e-05 1.363209e-04 -2.978369e-01 -1.026810e-05 6.379402e-06 -7.704523e-04 -3.944107e-06
2.49           5.951407e-05 -2.983834e-01 -8.935668e-05 5.976049e-05 -2.976188e-01 -8.167186e-05 -2.464123e-07 -7.646086e-04 -7.684828e-06
2.5            -1.899000e-05 -2.991824e-01 -9.535268e-05 -1.178703e-05 -2.984061e-01 -9.156484e-05 -7.202966e-06 -7.763516e-04 -3.787840e-06
2.51002        -1.342214e-04 -2.986846e-01 1.906219e-05 -1.279179e-04 -2.979135e-01 1.484832e-05 -6.303506e-06 -7.711335e-04 4.213871e-06
2.52           -5.739454e-05 -2.982992e-01 9.465403e-05 -5.795302e-05 -2.975345e-01 8.707290e-05 5.584830e-07 -7.646410e-04 7.581134e-06
2.53002        1.580293e-05 -2.991878e-01 9.452802e-05 8.368902e-06 -2.984118e-01 9.087103e-05 7.434032e-06 -7.759227e-04 3.656986e-06
2.54           1.286313e-04 -2.987344e-01 -2.350694e-05 1.224068e-04 -2.979627e-01 -1.903879e-05 6.224449e-06 -7.716503e-04 -4.468153e-06
2.55           5.221076e-05 -2.982425e-01 -1.060300e-04 5.306816e-05 -2.974775e-01 -9.853287e-05 -8.574039e-07 -7.649866e-04 -7.497160e-06
2.56           -1.593345e-05 -2.991419e-01 -9.097815e-05 -8.316820e-06 -2.983671e-01 -8.754935e-05 -7.616628e-06 -7.748793e-04 -3.428796e-06
2.57002        -1.272269e-04 -2.988706e-01 2.637644e-05 -1.211585e-04 -2.980981e-01 2.161839e-05 -6.068483e-06 -7.725094e-04 4.758044e-06
2.58           -4.655257e-05 -2.981965e-01 1.168242e-04 -4.769372e-05 -2.974314e-01 1.094369e-04 1.141149e-06 -7.651653e-04 7.387304e-06
2.59001        1.622894e-05 -2.991306e-01 8.772085e-05 8.440017e-06 -2.983569e-01 8.459792e-05 7.788921e-06 -7.736858e-04 3.122923e-06
2.6            1.290837e-04 -2.989345e-01 -3.175216e-05 1.231834e-04 -2.981615e-01 -2.677845e-05 5.900334e-06 -7.730035e-04 -4.973715e-06
2.61           3.971480e-05 -2.981742e-01 -1.216256e-04 4.110723e-05 -2.974087e-01 -1.143385e-04 -1.392433e-06 -7.655017e-04 -7.287063e-06
2.62           -2.084890e-05 -2.990738e-01 -8.690676e-05 -1.296114e-05 -2.983018e-01 -8.404976e-05 -7.887762e-06 -7.719914e-04 -2.857002e-06
2.63002        -1.320585e-04 -2.990590e-01 3.335002e-05 -1.263684e-04 -2.982851e-01 2.813182e-05 -5.690121e-06 -7.738361e-04 5.218195e-06
2.64           -2.751406e-05 -2.981685e-01 1.218140e-04 -2.919186e-05 -2.974026e-01 1.145886e-04 1.677808e-06 -7.659638e-04 7.225334e-06
2.65001        2.496018e-05 -2.990364e-01 8.334722e-05 1.691296e-05 -2.982657e-01 8.076295e-05 8.047219e-06 -7.706391e-04 2.584272e-06
2.66           1.289832e-04 -2.991261e-01 -3.593469e-05 1.234862e-04 -2.983518e-01 -3.049951e-05 5.496973e-06 -7.743361e-04 -5.435177e-06
2.67           2.798239e-05 -2.981721e-01 -1.293184e-04 2.994685e-05 -2.974059e-01 -1.222044e-04 -1.964460e-06 -7.662099e-04 -7.113952e-06
2.68           -2.466686e-05 -2.989619e-01 -8.141972e-05 -1.655900e-05 -2.981926e-01 -7.911555e-05 -8.107861e-06 -7.693181e-04 -2.304174e-06
2.69002        -1.333713e-04 -2.991728e-01 4.392818e-05 -1.281036e-04 -2.983977e-01 3.825011e-05 -5.267753e-06 -7.750770e-04 5.678068e-06
2.7            -2.173120e-05 -2.982180e-01 1.343530e-04 -2.400301e-05 -2.974514e-01 1.273486e-04 2.271807e-06 -7.665325e-04 7.004424e-06
2.71001        2.655199e-05 -2.989039e-01 7.594896e-05 1.843420e-05 -2.981354e-01 7.394736e-05 8.117786e-06 -7.685530e-04 2.001607e-06
2.72           1.288641e-04 -2.991742e-01 -5.157737e-05 1.238032e-04 -2.983987e-01 -4.570216e-05 5.060904e-06 -7.755201e-04 -5.875205e-06
2.73001        1.840961e-05 -2.982247e-01 -1.413035e-04 2.095847e-05 -2.974579e-01 -1.344130e-04 -2.548865e-06 -7.667790e-04 -6.890515e-06
2.74           -3.369302e-05 -2.988062e-01 -7.380848e-05 -2.564650e-05 -2.980386e-01 -7.212917e-05 -8.046522e-06 -7.675821e-04 -1.679315e-06
2.75002        -1.299313e-04 -2.993037e-01 5.586496e-05 -1.250971e-04 -2.985275e-01 4.974791e-05 -4.834221e-06 -7.761734e-04 6.117045e-06
2.76           -8.343947e-06 -2.982755e-01 1.424828e-04 -1.115743e-05 -2.975081e-01 1.356668e-04 2.813488e-06 -7.673769e-04 6.815973e-06
2.77001        4.394967e-05 -2.987388e-01 7.545645e-05 3.592834e-05 -2.979721e-01 7.412130e-05 8.021327e-06 -7.667279e-04 1.335158e-06
2.78           1.224420e-04 -2.991613e-01 -5.353613e-05 1.177825e-04 -2.983848e-01 -4.717836e-05 4.659458e-06 -7.764707e-04 -6.357765e-06
2.79001        1.918043e-07 -2.983443e-01 -1.438859e-04 3.260082e-06 -2.975764e-01 -1.371769e-04 -3.068278e-06 -7.679418e-04 -6.709015e-06
2.8            -5.656348e-05 -2.986425e-01 -7.322947e-05 -4.858896e-05 -2.978769e-01 -7.224877e-05 -7.974521e-06 -7.656671e-04 -9.807033e-07
2.81002        -1.192269e-04 -2.991970e-01 4.753308e-05 -1.147474e-04 -2.984201e-01 4.088158e-05 -4.479534e-06 -7.768498e-04 6.651495e-06
2.82           5.885235e-06 -2.984343e-01 1.443984e-04 2.563346e-06 -2.976656e-01 1.378060e-04 3.321889e-06 -7.687639e-04 6.592443e-06
2.83           6.953977e-05 -2.985747e-01 6.684154e-05 6.165930e-05 -2.978097e-01 6.625366e-05 7.880470e-06 -7.649978e-04 5.878852e-07
2.84           1.094637e-04 -2.991861e-01 -3.890578e-05 1.051872e-04 -2.984092e-01 -3.204683e-05 4.276465e-06 -7.769048e-04 -6.858954e-06
2.85001        -8.325539e-06 -2.985041e-01 -1.462378e-04 -4.735434e-06 -2.977347e-01 -1.397540e-04 -3.590105e-06 -7.693854e-04 -6.483774e-06
2.86           -7.711172e-05 -2.984835e-01 -6.079947e-05 -6.935773e-05 -2.977190e-01 -6.059008e-05 -7.753994e-06 -7.645161e-04 -2.093932e-07
2.87002        -1.040855e-04 -2.992122e-01 3.051523e-05 -1.000291e-04 -2.984352e-01 2.347506e-05 -4.056426e-06 -7.770066e-04 7.040170e-06
2.88           1.417179e-05 -2.985812e-01 1.446124e-04 1.030754e-05 -2.978110e-01 1.382089e-04 3.864251e-06 -7.702217e-04 6.403551e-06
2.89           8.705497e-05 -2.984047e-01 5.827499e-05 7.934572e-05 -2.976401e-01 5.842851e-05 7.709241e-06 -7.646077e-04 -1.535145e-07
2.9            9.536278e-05 -2.991902e-01 -1.914812e-05 9.152274e-05 -2.984137e-01 -1.199439e-05 3.840038e-06 -7.764977e-04 -7.153727e-06
2.91001        -1.751508e-05 -2.986609e-01 -1.362253e-04 -1.338041e-05 -2.978900e-01 -1.299008e-04 -4.134677e-06 -7.709088e-04 -6.324522e-06
2.92           -9.229817e-05 -2.983186e-01 -5.705221e-05 -8.468904e-05 -2.975541e-01 -5.751562e-05 -7.609133e-06 -7.645903e-04 4.634085e-07
2.93002        -9.564824e-05 -2.991912e-01 1.705381e-05 -9.195070e-05 -2.984151e-01 9.694073e-06 -3.697539e-06 -7.761174e-04 7.359732e-06
2.94           2.207090e-05 -2.987534e-01 1.313957e-04 1.766781e-05 -2.979817e-01 1.251423e-04 4.403085e-06 -7.717116e-04 6.253476e-06
2.95           1.024807e-04 -2.982498e-01 5.312640e-05 9.495080e-05 -2.974849e-01 5.389246e-05 7.529916e-06 -7.649001e-04 -7.660573e-07
2.96           9.311692e-05 -2.991482e-01 -1.676404e-05 8.960368e-05 -2.983730e-01 -9.195926e-06 3.513237e-06 -7.751880e-04 -7.568111e-06
2.97002        -2.643196e-05 -2.988401e-01 -1.283656e-04 -2.174990e-05 -2.980678e-01 -1.222464e-04 -4.682057e-06 -7.723118e-04 -6.119274e-06
2.98           -1.139484e-04 -2.982063e-01 -4.943630e-05 -1.065346e-04 -2.974412e-01 -5.049515e-05 -7.413768e-06 -7.650824e-04 1.058846e-06
2.99002        -8.845468e-05 -2.991419e-01 1.514963e-05 -8.524315e-05 -2.983678e-01 7.399323e-06 -3.211525e-06 -7.741239e-04 7.750306e-06
3              3.110102e-05 -2.989026e-01 1.290472e-04 2.619850e-05 -2.981298e-01 1.230932e-04 4.902524e-06 -7.728006e-04 5.953997e-06
3.01           1.206546e-04 -2.981862e-01 4.091869e-05 1.133324e-04 -2.974208e-01 4.223646e-05 7.322224e-06 -7.654233e-04 -1.317762e-06
3.02           8.723212e-05 -2.990832e-01 -2.147264e-05 8.428796e-05 -2.983108e-01 -1.361926e-05 2.944154e-06 -7.724652e-04 -7.853379e-06
3.03002        -3.343842e-05 -2.990303e-01 -1.320430e-04 -2.828889e-05 -2.982567e-01 -1.262913e-04 -5.149530e-06 -7.736370e-04 -5.751755e-06
3.04           -1.214337e-04 -2.981655e-01 -2.994090e-05 -1.141936e-04 -2.973996e-01 -3.153305e-05 -7.240164e-06 -7.658462e-04 1.592156e-06
3.05001        -8.446266e-05 -2.990534e-01 2.448596e-05 -8.179865e-05 -2.982823e-01 1.647964e-05 -2.664007e-06 -7.710495e-04 8.006316e-06
3.06           3.451656e-05 -2.991030e-01 1.282668e-04 2.915097e-05 -2.983288e-01 1.227062e-04 5.365591e-06 -7.741504e-04 5.560623e-06
3.07           1.263640e-04 -2.981603e-01 2.878311e-05 1.192125e-04 -2.973942e-01 3.065916e-05 7.151492e-06 -7.661424e-04 -1.876049e-06
3.08           8.220720e-05 -2.989813e-01 -2.407858e-05 7.980865e-05 -2.982117e-01 -1.598963e-05 2.398552e-06 -7.696420e-04 -8.088947e-06
3.09002        -4.213571e-05 -2.991660e-01 -1.343982e-04 -3.652079e-05 -2.983911e-01 -1.290648e-04 -5.614919e-06 -7.749029e-04 -5.333407e-06
3.1            -1.329764e-04 -2.982120e-01 -2.308998e-05 -1.259347e-04 -2.974456e-01 -2.527335e-05 -7.041746e-06 -7.664555e-04 2.183363e-06
3.11001        -7.739795e-05 -2.989302e-01 2.547448e-05 -7.530923e-05 -2.981614e-01 1.733762e-05 -2.088714e-06 -7.688033e-04 8.136863e-06
3.12           4.877014e-05 -2.991727e-01 1.300248e-04 4.295967e-05 -2.983973e-01 1.248993e-04 5.810467e-06 -7.753451e-04 5.125534e-06
3.13001        1.390517e-04 -2.982165e-01 2.024288e-05 1.321328e-04 -2.974499e-01 2.271232e-05 6.918831e-06 -7.666606e-04 -2.469436e-06
3.14           7.393434e-05 -2.988304e-01 -3.097484e-05 7.215641e-05 -2.980626e-01 -2.291414e-05 1.777926e-06 -7.678443e-04 -8.060695e-06
3.15002        -5.521268e-05 -2.991842e-01 -1.308059e-04 -4.916612e-05 -2.984081e-01 -1.259075e-04 -6.046553e-06 -7.760476e-04 -4.898380e-06
3.16           -1.421492e-04 -2.982600e-01 -1.186815e-05 -1.353088e-04 -2.974928e-01 -1.460307e-05 -6.840358e-06 -7.672061e-04 2.734915e-06
3.17001        -7.497567e-05 -2.987645e-01 4.046076e-05 -7.353435e-05 -2.979975e-01 3.243406e-05 -1.441318e-06 -7.670299e-04 8.026702e-06
3.18           5.517592e-05 -2.991631e-01 1.244922e-04 4.889730e-05 -2.983867e-01 1.197785e-04 6.278617e-06 -7.763654e-04 4.713711e-06
3.19001        1.438066e-04 -2.983193e-01 1.944191e-06 1.370658e-04 -2.975515e-01 4.937842e-06 6.740849e-06 -7.677368e-04 -2.993651e-06
3.2            7.471999e-05 -2.986676e-01 -5.223073e-05 7.363027e-05 -2.979017e-01 -4.424398e-05 1.089714e-06 -7.659480e-04 -7.986743e-06
3.21002        -4.925913e-05 -2.991932e-01 -1.204618e-04 -4.268578e-05 -2.984164e-01 -1.159281e-04 -6.573350e-06 -7.767765e-04 -4.533624e-06
3.22           -1.434408e-04 -2.984120e-01 4.373161e-06 -1.368122e-04 -2.976435e-01 1.129985e-06 -6.628610e-06 -7.685383e-04 3.243176e-06
3.23           -6.865954e-05 -2.985984e-01 6.696770e-05 -6.795665e-05 -2.978332e-01 5.906034e-05 -7.028877e-07 -7.652021e-04 7.907368e-06
3.24           4.134661e-05 -2.991819e-01 1.123401e-04 3.454891e-05 -2.984050e-01 1.079994e-04 6.797701e-06 -7.768704e-04 4.340706e-06
3.25001        1.464138e-04 -2.984813e-01 -7.570289e-06 1.399018e-04 -2.977121e-01 -4.062831e-06 6.511970e-06 -7.691729e-04 -3.507458e-06
3.26           6.214442e-05 -2.985094e-01 -7.446691e-05 6.182159e-05 -2.977448e-01 -6.668291e-05 3.228275e-07 -7.645724e-04 -7.784007e-06
3.27002        -3.345299e-05 -2.992138e-01 -1.062230e-04 -2.645350e-05 -2.984367e-01 -1.020997e-04 -6.999498e-06 -7.770521e-04 -4.123307e-06
3.28           -1.454849e-04 -2.985593e-01 1.298652e-05 -1.390590e-04 -2.977893e-01 9.203538e-06 -6.425883e-06 -7.699910e-04 3.782981e-06
3.29           -5.817206e-05 -2.984309e-01 8.444164e-05 -5.821671e-05 -2.976663e-01 7.671563e-05 4.464804e-08 -7.646042e-04 7.726013e-06
3.3            2.182383e-05 -2.991902e-01 9.734386e-05 1.471371e-05 -2.984135e-01 9.344096e-05 7.110121e-06 -7.766354e-04 3.902900e-06
3.31001        1.386968e-04 -2.986343e-01 -1.669942e-05 1.323498e-04 -2.978636e-01 -1.264439e-05 6.347063e-06 -7.706771e-04 -4.055036e-06
3.32           5.755197e-05 -2.983409e-01 -9.060231e-05 5.791691e-05 -2.975763e-01 -8.296592e-05 -3.649379e-07 -7.645514e-04 -7.636387e-06
3.33002        -1.782138e-05 -2.991985e-01 -9.546639e-05 -1.052730e-05 -2.984222e-01 -9.173356e-05 -7.294081e-06 -7.762834e-04 -3.732832e-06
3.34           -1.326063e-04 -2.987272e-01 2.031861e-05 -1.263288e-04 -2.979557e-01 1.599910e-05 -6.277415e-06 -7.715069e-04 4.319512e-06
3.35           -5.413171e-05 -2.982679e-01 9.827310e-05 -5.481163e-05 -2.975031e-01 9.071694e-05 6.799202e-07 -7.648163e-04 7.556153e-06
3.36           1.764048e-05 -2.991549e-01 9.452510e-05 1.013365e-05 -2.983794e-01 9.094258e-05 7.506836e-06 -7.754697e-04 3.582514e-06
3.37002        1.281683e-04 -2.988113e-01 -2.590928e-05 1.220034e-04 -2.980392e-01 -2.130638e-05 6.164924e-06 -7.721064e-04 -4.602898e-06
3.38           5.045349e-05 -2.982175e-01 -1.109296e-04 5.142962e-05 -2.974525e-01 -1.034825e-04 -9.761351e-07 -7.649998e-04 -7.447070e-06
3.39002        -1.514900e-05 -2.991515e-01 -8.954150e-05 -7.448538e-06 -2.983770e-01 -8.624142e-05 -7.700465e-06 -7.745293e-04 -3.300084e-06
3.4            -1.273578e-04 -2.988753e-01 2.820909e-05 -1.213507e-04 -2.981027e-01 2.337602e-05 -6.007079e-06 -7.726048e-04 4.833071e-06
3.41           -4.286470e-05 -2.981973e-01 1.197454e-04 -4.410854e-05 -2.974319e-01 1.123887e-04 1.243835e-06 -7.653545e-04 7.356711e-06
3.42           1.977974e-05 -2.990926e-01 8.688393e-05 1.196392e-05 -2.983196e-01 8.386542e-05 7.815819e-06 -7.729428e-04 3.018513e-06
3.43002        1.311462e-04 -2.990004e-01 -3.303481e-05 1.253327e-04 -2.982270e-01 -2.794994e-05 5.813574e-06 -7.734327e-04 -5.084876e-06
3.44           3.471581e-05 -2.981549e-01 -1.218539e-04 3.621413e-05 -2.973894e-01 -1.146085e-04 -1.498317e-06 -7.655671e-04 -7.245343e-06
3.45001        -2.217140e-05 -2.990774e-01 -8.531596e-05 -1.420909e-05 -2.983059e-01 -8.257929e-05 -7.962308e-06 -7.715043e-04 -2.736669e-06
3.46           -1.308135e-04 -2.990700e-01 3.451790e-05 -1.251933e-04 -2.982960e-01 2.922514e-05 -5.620156e-06 -7.739621e-04 5.292762e-06
3.47           -2.659498e-05 -2.981439e-01 1.243272e-04 -2.838078e-05 -2.973778e-01 1.171435e-04 1.785800e-06 -7.660630e-04 7.183704e-06
3.48           2.274981e-05 -2.990048e-01 8.219138e-05 1.468595e-05 -2.982348e-01 7.971139e-05 8.063857e-06 -7.699967e-04 2.479992e-06
3.49002        1.314099e-04 -2.991629e-01 -3.881821e-05 1.260136e-04 -2.983882e-01 -3.327187e-05 5.396244e-06 -7.747230e-04 -5.546344e-06
3.5            2.613841e-05 -2.982082e-01 -1.320302e-04 2.823126e-05 -2.974418e-01 -1.249558e-04 -2.092851e-06 -7.663707e-04 -7.074444e-06
3.51001        -2.492525e-05 -2.989553e-01 -7.883724e-05 -1.678446e-05 -2.981862e-01 -7.666053e-05 -8.140797e-06 -7.690691e-04 -2.176712e-06
3.52           -1.323379e-04 -2.991632e-01 4.673209e-05 -1.271454e-04 -2.983880e-01 4.098688e-05 -5.192455e-06 -7.751708e-04 5.745210e-06
3.53           -2.020514e-05 -2.982079e-01 1.360712e-04 -2.258945e-05 -2.974413e-01 1.291205e-04 2.384311e-06 -7.665714e-04 6.950698e-06
3.54           2.863055e-05 -2.988599e-01 7.450714e-05 2.055606e-05 -2.980918e-01 7.263244e-05 8.074498e-06 -7.680905e-04 1.874709e-06
3.55002        1.283907e-04 -2.991892e-01 -5.243549e-05 1.234274e-04 -2.984133e-01 -4.645124e-05 4.963277e-06 -7.758883e-04 -5.984251e-06
3.56           1.580208e-05 -2.982538e-01 -1.423528e-04 1.845692e-05 -2.974867e-01 -1.354893e-04 -2.654837e-06 -7.670419e-04 -6.863439e-06
3.57001        -3.691768e-05 -2.987924e-01 -7.470603e-05 -2.886616e-05 -2.980250e-01 -7.316440e-05 -8.051526e-06 -7.673288e-04 -1.541629e-06
3.58           -1.278938e-04 -2.991630e-01 5.624321e-05 -1.231222e-04 -2.983868e-01 5.004416e-05 -4.771642e-06 -7.762465e-04 6.199055e-06
3.59001        -3.014913e-06 -2.982910e-01 1.427275e-04 -5.933333e-06 -2.975234e-01 1.359561e-04 2.918420e-06 -7.675434e-04 6.771333e-06
3.6            4.750578e-05 -2.986988e-01 7.652236e-05 3.951360e-05 -2.979326e-01 7.532103e-05 7.992188e-06 -7.662227e-04 1.201330e-06
3.61002        1.195358e-04 -2.991965e-01 -4.954415e-05 1.149519e-04 -2.984198e-01 -4.305164e-05 4.583941e-06 -7.766904e-04 -6.492506e-06
3.62           -1.531823e-06 -2.983916e-01 -1.436437e-04 1.635611e-06 -2.976233e-01 -1.369780e-04 -3.167435e-06 -7.683127e-04 -6.665770e-06
3.63           -6.330372e-05 -2.986253e-01 -7.182128e-05 -5.535996e-05 -2.978599e-01 -7.099739e-05 -7.943757e-06 -7.654309e-04 -8.238866e-07
3.64           -1.167457e-04 -2.991722e-01 4.577072e-05 -1.123381e-04 -2.983954e-01 3.904152e-05 -4.407575e-06 -7.768214e-04 6.729196e-06
3.65001        7.965556e-06 -2.984544e-01 1.450900e-04 4.537569e-06 -2.976854e-01 1.385474e-04 3.427987e-06 -7.689606e-04 6.542647e-06
3.66           7.187643e-05 -2.985399e-01 6.515456e-05 6.404987e-05 -2.977752e-01 6.471493e-05 7.826562e-06 -7.646774e-04 4.396230e-07
3.67002        1.057940e-04 -2.992185e-01 -3.453011e-05 1.016074e-04 -2.984414e-01 -2.757798e-05 4.186550e-06 -7.770585e-04 -6.952125e-06
3.68           -1.031205e-05 -2.985430e-01 -1.458980e-04 -6.613012e-06 -2.977732e-01 -1.394486e-04 -3.699042e-06 -7.697672e-04 -6.449456e-06
3.69           -8.163927e-05 -2.984598e-01 -6.009527e-05 -7.389270e-05 -2.976952e-01 -6.003005e-05 -7.746570e-06 -7.646000e-04 -6.522596e-08
3.7            -1.007422e-04 -2.991855e-01 2.618728e-05 -9.677307e-05 -2.984088e-01 1.911453e-05 -3.969170e-06 -7.767593e-04 7.072748e-06
3.71001        1.602331e-05 -2.986042e-01 1.412181e-04 1.204842e-05 -2.978338e-01 1.348474e-04 3.974895e-06 -7.704428e-04 6.370728e-06
3.72           8.985077e-05 -2.983684e-01 5.947352e-05 8.218671e-05 -2.976039e-01 5.974707e-05 7.664061e-06 -7.645176e-04 -2.735543e-07
3.73002        9.434102e-05 -2.992081e-01 -1.769754e-05 9.056851e-05 -2.984317e-01 -1.045730e-05 3.772512e-06 -7.764367e-04 -7.240240e-06
3.74           -1.856469e-05 -2.987038e-01 -1.337269e-04 -1.432939e-05 -2.979325e-01 -1.274291e-04 -4.235302e-06 -7.712904e-04 -6.297788e-06
3.75           -9.576961e-05 -2.982969e-01 -5.680790e-05 -8.818729e-05 -2.975321e-01 -5.739965e-05 -7.582324e-06 -7.647512e-04 5.917515e-07
3.76           -9.535124e-05 -2.991598e-01 1.660244e-05 -9.170803e-05 -2.983841e-01 9.164727e-06 -3.643207e-06 -7.757115e-04 7.437715e-06
3.77002        2.488497e-05 -2.987824e-01 1.294890e-04 2.036235e-05 -2.980105e-01 1.232828e-04 4.522616e-06 -7.719048e-04 6.206146e-06
3.78           1.080816e-04 -2.982326e-01 5.275106e-05 1.006054e-04 -2.974677e-01 5.363645e-05 7.476291e-06 -7.649227e-04 -8.853801e-07
3.79002        8.976944e-05 -2.991632e-01 -1.420012e-05 8.637988e-05 -2.983883e-01 -6.547038e-06 3.389557e-06 -7.748967e-04 -7.653081e-06
3.8            -2.805009e-05 -2.988416e-01 -1.282109e-04 -2.329061e-05 -2.980692e-01 -1.221510e-04 -4.759476e-06 -7.724095e-04 -6.059909e-06
3.81           -1.180773e-04 -2.982028e-01 -4.490969e-05 -1.106899e-04 -2.974375e-01 -4.607945e-05 -7.387423e-06 -7.652788e-04 1.169758e-06
3.82           -8.643799e-05 -2.991091e-01 1.671267e-05 -8.333671e-05 -2.983357e-01 8.933392e-06 -3.101282e-06 -7.734065e-04 7.779279e-06
3.83002        3.183534e-05 -2.989761e-01 1.287759e-04 2.681689e-05 -2.982029e-01 1.229056e-04 5.018452e-06 -7.732280e-04 5.870281e-06
3.84           1.220946e-04 -2.981750e-01 3.905883e-05 1.148109e-04 -2.974094e-01 4.048254e-05 7.283638e-06 -7.656124e-04 -1.423711e-06
3.85001        8.597451e-05 -2.990888e-01 -2.160173e-05 8.315425e-05 -2.983169e-01 -1.367728e-05 2.820255e-06 -7.719539e-04 -7.924444e-06
3.86           -3.410907e-05 -2.990417e-01 -1.320127e-04 -2.888722e-05 -2.982680e-01 -1.263317e-04 -5.221848e-06 -7.737608e-04 -5.680980e-06
3.87           -1.221400e-04 -2.981317e-01 -2.692398e-05 -1.149281e-04 -2.973658e-01 -2.862573e-05 -7.211868e-06 -7.659709e-04 1.701750e-06
3.88           -8.219199e-05 -2.990210e-01 2.263266e-05 -7.963036e-05 -2.982507e-01 1.459921e-05 -2.561630e-06 -7.703748e-04 8.033445e-06
3.89002        3.668458e-05 -2.991542e-01 1.297445e-04 3.120612e-05 -2.983797e-01 1.242825e-04 5.478453e-06 -7.745361e-04 5.461974e-06
3.9            1.301255e-04 -2.981991e-01 2.795263e-05 1.230185e-04 -2.974328e-01 2.995148e-05 7.107038e-06 -7.662873e-04 -1.998854e-06
3.91001        8.092425e-05 -2.989728e-01 -2.518025e-05 7.865457e-05 -2.982034e-01 -1.704380e-05 2.269676e-06 -7.693584e-04 -8.136442e-06
3.92           -4.391611e-05 -2.991543e-01 -1.329486e-04 -3.823625e-05 -2.983793e-01 -1.276900e-04 -5.679860e-06 -7.749951e-04 -5.258647e-06
3.93           -1.343213e-04 -2.982014e-01 -2.133979e-05 -1.273346e-04 -2.974349e-01 -2.363891e-05 -6.986713e-06 -7.664887e-04 2.299122e-06
3.94           -7.522365e-05 -2.988871e-01 2.704786e-05 -7.325088e-05 -2.981188e-01 1.895890e-05 -1.972768e-06 -7.683288e-04 8.088969e-06
3.95002        5.240223e-05 -2.991903e-01 1.283819e-04 4.648363e-05 -2.984145e-01 1.233554e-04 5.918602e-06 -7.757206e-04 5.026450e-06
3.96           1.417654e-04 -2.982444e-01 1.772258e-05 1.348790e-04 -2.974775e-01 2.029842e-05 6.886391e-06 -7.668976e-04 -2.575840e-06
3.97001        7.419606e-05 -2.988147e-01 -3.371229e-05 7.255557e-05 -2.980471e-01 -2.564437e-05 1.640498e-06 -7.676213e-04 -8.067928e-06
3.98           -5.619673e-05 -2.991657e-01 -1.293195e-04 -5.007745e-05 -2.983896e-01 -1.244949e-04 -6.119282e-06 -7.761119e-04 -4.824618e-06
3.99001        -1.424287e-04 -2.982684e-01 -6.733337e-06 -1.356277e-04 -2.975010e-01 -9.573173e-06 -6.800944e-06 -7.673582e-04 2.839836e-06
4              -7.590345e-05 -2.987244e-01 4.487484e-05 -7.460065e-05 -2.979579e-01 3.687482e-05 -1.302798e-06 -7.665033e-04 8.000023e-06
4.01002        5.161201e-05 -2.991980e-01 1.210315e-04 4.520085e-05 -2.984214e-01 1.163978e-04 6.411153e-06 -7.765923e-04 4.633666e-06
4.02           1.439401e-04 -2.983655e-01 -1.165992e-07 1.372378e-04 -2.975974e-01 2.977512e-06 6.702319e-06 -7.680940e-04 -3.094112e-06
4.03001        7.351732e-05 -2.986488e-01 -5.857046e-05 7.257760e-05 -2.978831e-01 -5.058605e-05 9.397205e-07 -7.656907e-04 -7.984409e-06
4.04           -4.776586e-05 -2.991661e-01 -1.187839e-04 -4.111178e-05 -2.983893e-01 -1.143163e-04 -6.654077e-06 -7.767625e-04 -4.467664e-06
4.05001        -1.445522e-04 -2.984319e-01 6.240624e-06 -1.379758e-04 -2.976632e-01 2.890609e-06 -6.576352e-06 -7.687447e-04 3.350016e-06
4.06           -6.695857e-05 -2.985624e-01 6.924767e-05 -6.640300e-05 -2.977976e-01 6.139641e-05 -5.555668e-07 -7.648269e-04 7.851262e-06
4.07002        3.703160e-05 -2.992167e-01 1.076448e-04 3.013303e-05 -2.984397e-01 1.033958e-04 6.898569e-06 -7.770412e-04 4.248965e-06
4.08           1.462835e-04 -2.985207e-01 -8.890926e-06 1.398075e-04 -2.977512e-01 -5.275892e-06 6.476079e-06 -7.695541e-04 -3.615034e-06
4.09           6.170441e-05 -2.984869e-01 -7.801965e-05 6.153435e-05 -2.977222e-01 -7.025705e-05 1.700602e-07 -7.646136e-04 -7.762603e-06
4.1            -3.125653e-05 -2.991845e-01 -1.030905e-04 -2.422047e-05 -2.984076e-01 -9.905200e-05 -7.036057e-06 -7.768547e-04 -4.038518e-06
4.11001        -1.433426e-04 -2.985809e-01 1.437496e-05 -1.369474e-04 -2.978107e-01 1.047854e-05 -6.395208e-06 -7.702112e-04 3.896413e-06
4.12           -5.986196e-05 -2.983925e-01 8.786365e-05 -6.004413e-05 -2.976280e-01 8.017412e-05 1.821616e-07 -7.645075e-04 7.689524e-06
4.13002        1.881186e-05 -2.992136e-01 9.487074e-05 1.162391e-05 -2.984370e-01 9.105244e-05 7.187955e-06 -7.765809e-04 3.818298e-06
4.14           1.362591e-04 -2.986756e-01 -1.792013e-05 1.299411e-04 -2.979045e-01 -1.376337e-05 6.317971e-06 -7.710687e-04 -4.156757e-06
4.15           5.802555e-05 -2.983214e-01 -9.366145e-05 5.852367e-05 -2.975567e-01 -8.604893e-05 -4.981213e-07 -7.647026e-04 -7.612522e-06
4.16           -1.616136e-05 -2.991662e-01 -9.510523e-05 -8.798874e-06 -2.983903e-01 -9.141907e-05 -7.362484e-06 -7.759168e-04 -3.686158e-06
4.17002        -1.302250e-04 -2.987586e-01 2.280214e-05 -1.239857e-04 -2.979869e-01 1.836391e-05 -6.239323e-06 -7.717022e-04 4.438232e-06
4.18           -5.408452e-05 -2.982429e-01 1.042542e-04 -5.487788e-05 -2.974780e-01 9.674550e-05 7.933554e-07 -7.648413e-04 7.508671e-06
4.19002        1.480643e-05 -2.991686e-01 9.206890e-05 7.198828e-06 -2.983934e-01 8.859058e-05 7.607606e-06 -7.752185e-04 3.478315e-06
4.2            1.291772e-04 -2.988097e-01 -2.766463e-05 1.230660e-04 -2.980375e-01 -2.298102e-05 6.111233e-06 -7.722053e-04 -4.683610e-06
4.21           4.894322e-05 -2.982138e-01 -1.148298e-04 5.003404e-05 -2.974486e-01 -1.074165e-04 -1.090817e-06 -7.651985e-04 -7.413307e-06
4.22           -1.537459e-05 -2.991200e-01 -8.704518e-05 -7.633479e-06 -2.983462e-01 -8.385601e-05 -7.741108e-06 -7.738524e-04 -3.189170e-06
4.23002        -1.295528e-04 -2.989448e-01 3.124890e-05 -1.236273e-04 -2.981718e-01 2.629940e-05 -5.925487e-06 -7.730277e-04 4.949501e-06
4.24           -3.885605e-05 -2.981656e-01 1.207568e-04 -4.019466e-05 -2.974002e-01 1.134529e-04 1.338605e-06 -7.653633e-04 7.303842e-06
4.25001        2.118051e-05 -2.991007e-01 8.767882e-05 1.329113e-05 -2.983282e-01 8.477078e-05 7.889386e-06 -7.724327e-04 2.908040e-06
4.26           1.303489e-04 -2.990182e-01 -3.343393e-05 1.246070e-04 -2.982447e-01 -2.828215e-05 5.741878e-06 -7.735639e-04 -5.151785e-06
4.27           3.009129e-05 -2.981105e-01 -1.214753e-04 3.170718e-05 -2.973446e-01 -1.142477e-04 -1.615893e-06 -7.658486e-04 -7.227582e-06
4.28           -2.317573e-05 -2.990337e-01 -8.362032e-05 -1.518182e-05 -2.982629e-01 -8.097814e-05 -7.993916e-06 -7.707782e-04 -2.642180e-06
4.29002        -1.307126e-04 -2.991308e-01 3.595477e-05 -1.251851e-04 -2.983565e-01 3.054468e-05 -5.527511e-06 -7.743505e-04 5.410096e-06
4.3            -2.728491e-05 -2.981842e-01 1.276119e-04 -2.919566e-05 -2.974180e-01 1.204676e-04 1.910746e-06 -7.662089e-04 7.144347e-06
4.31001        2.594070e-05 -2.989873e-01 8.220286e-05 1.781748e-05 -2.982176e-01 7.984351e-05 8.123219e-06 -7.696679e-04 2.359348e-06
4.32           1.318194e-04 -2.991540e-01 -4.103723e-05 1.264956e-04 -2.983792e-01 -3.542087e-05 5.323834e-06 -7.748218e-04 -5.616363e-06
4.33           2.393390e-05 -2.981989e-01 -1.336211e-04 2.614453e-05 -2.974325e-01 -1.265967e-04 -2.210624e-06 -7.664151e-04 -7.024383e-06
4.34           -2.411231e-05 -2.989113e-01 -7.659501e-05 -1.600324e-05 -2.981428e-01 -7.452945e-05 -8.109074e-06 -7.685714e-04 -2.065556e-06
4.35002        -1.326691e-04 -2.991858e-01 5.205651e-05 -1.275787e-04 -2.984102e-01 4.620389e-05 -5.090374e-06 -7.755457e-04 5.852625e-06
4.36           -1.862343e-05 -2.982314e-01 1.397050e-04 -2.112101e-05 -2.974646e-01 1.327922e-04 2.497580e-06 -7.667715e-04 6.912855e-06
4.37001        3.170162e-05 -2.988337e-01 7.446453e-05 2.362082e-05 -2.980658e-01 7.272240e-05 8.080792e-06 -7.678944e-04 1.742128e-06
4.38           1.281327e-04 -2.991723e-01 -5.446024e-05 1.232433e-04 -2.983963e-01 -4.841096e-05 4.889420e-06 -7.759630e-04 -6.049271e-06
4.39001        1.174916e-05 -2.982541e-01 -1.428887e-04 1.451122e-05 -2.974870e-01 -1.360602e-04 -2.762060e-06 -7.671867e-04 -6.828484e-06
4.4            -4.163021e-05 -2.987453e-01 -7.463913e-05 -3.362845e-05 -2.979785e-01 -7.322828e-05 -8.001761e-06 -7.668003e-04 -1.410853e-06
4.41002        -1.256205e-04 -2.991983e-01 5.473023e-05 -1.209340e-04 -2.984218e-01 4.840165e-05 -4.686560e-06 -7.764877e-04 6.328579e-06
4.42           1.409397e-07 -2.983361e-01 1.431257e-04 -2.878744e-06 -2.975682e-01 1.363902e-04 3.019683e-06 -7.678839e-04 6.735526e-06
4.43001        5.462696e-05 -2.986687e-01 7.432927e-05 4.662083e-05 -2.979027e-01 7.328409e-05 8.006131e-06 -7.659743e-04 1.045182e-06
4.44           1.180728e-04 -2.991653e-01 -4.821916e-05 1.135501e-04 -2.983886e-01 -4.164306e-05 4.522758e-06 -7.766979e-04 -6.576103e-06
4.45001        -3.165500e-06 -2.984145e-01 -1.446747e-04 1.058014e-07 -2.976459e-01 -1.380629e-04 -3.271302e-06 -7.685205e-04 -6.611796e-06
4.46           -6.736701e-05 -2.985820e-01 -6.784881e-05 -5.948470e-05 -2.978170e-01 -6.718174e-05 -7.882318e-06 -7.650177e-04 -6.670636e-07
4.47002        -1.128251e-04 -2.992094e-01 4.081263e-05 -1.085130e-04 -2.984324e-01 3.397208e-05 -4.312168e-06 -7.770090e-04 6.840554e-06
4.48           9.349723e-06 -2.984936e-01 1.458561e-04 5.817172e-06 -2.977242e-01 1.393515e-04 3.532551e-06 -7.693426e-04 6.504548e-06
4.49           7.561722e-05 -2.985093e-01 6.147332e-05 6.783321e-05 -2.977446e-01 6.119625e-05 7.784007e-06 -7.646532e-04 2.770673e-07
4.5            1.040403e-04 -2.991895e-01 -3.261127e-05 9.993403e-05 -2.984126e-01 -2.561594e-05 4.106225e-06 -7.769105e-04 -6.995333e-06
4.51001        -1.228403e-05 -2.985633e-01 -1.449352e-04 -8.468989e-06 -2.977933e-01 -1.385169e-04 -3.815042e-06 -7.699776e-04 -6.418369e-06
4.52           -8.512290e-05 -2.984148e-01 -5.840827e-05 -7.741698e-05 -2.976503e-01 -5.848394e-05 -7.705919e-06 -7.645055e-04 7.567588e-08
4.53002        -9.817957e-05 -2.992126e-01 2.237701e-05 -9.430168e-05 -2.984359e-01 1.523440e-05 -3.877890e-06 -7.767186e-04 7.142614e-06
4.54           1.812724e-05 -2.986444e-01 1.390952e-04 1.404982e-05 -2.978736e-01 1.327550e-04 4.077420e-06 -7.708408e-04 6.340228e-06
4.55           9.111068e-05 -2.983397e-01 5.711167e-05 8.347052e-05 -2.975750e-01 5.751203e-05 7.640160e-06 -7.646575e-04 -4.003637e-07
4.56           9.379408e-05 -2.991769e-01 -1.556513e-05 9.007333e-05 -2.984008e-01 -8.271280e-06 3.720758e-06 -7.760923e-04 -7.293852e-06
4.57002        -1.975643e-05 -2.987373e-01 -1.303419e-04 -1.540254e-05 -2.979658e-01 -1.240760e-04 -4.353888e-06 -7.714984e-04 -6.265919e-06
4.58           -9.962877e-05 -2.982547e-01 -5.389285e-05 -9.209308e-05 -2.974899e-01 -5.459848e-05 -7.535699e-06 -7.647542e-04 7.056256e-07
4.59002        -9.498911e-05 -2.991722e-01 1.730592e-05 -9.143430e-05 -2.983967e-01 9.756201e-06 -3.554806e-06 -7.755106e-04 7.549718e-06
4.6            2.615878e-05 -2.987840e-01 1.280584e-04 2.155361e-05 -2.980120e-01 1.219008e-04 4.605166e-06 -7.719975e-04 6.157697e-06
4.61           1.121497e-04 -2.982302e-01 5.144568e-05 1.047053e-04 -2.974651e-01 5.245339e-05 7.444430e-06 -7.651164e-04 -1.007706e-06
4.62           8.909721e-05 -2.991261e-01 -1.616889e-05 8.581970e-05 -2.983518e-01 -8.475075e-06 3.277509e-06 -7.742689e-04 -7.693819e-06
4.63002        -3.013806e-05 -2.989112e-01 -1.299245e-04 -2.525870e-05 -2.981383e-01 -1.239445e-04 -4.879361e-06 -7.728319e-04 -5.980049e-06
4.64           -1.200208e-04 -2.981835e-01 -4.202015e-05 -1.126830e-04 -2.974182e-01 -4.328470e-05 -7.337785e-06 -7.652926e-04 1.264553e-06
4.65001        -8.648321e-05 -2.991131e-01 1.844991e-05 -8.349265e-05 -2.983402e-01 1.059670e-05 -2.990560e-06 -7.729086e-04 7.853207e-06
4.66           3.397353e-05 -2.989812e-01 1.312990e-04 2.888668e-05 -2.982078e-01 1.254946e-04 5.086847e-06 -7.733543e-04 5.804487e-06
4.67           1.217210e-04 -2.981591e-01 3.220656e-05 1.144767e-04 -2.973934e-01 3.373907e-05 7.244282e-06 -7.656894e-04 -1.532513e-06
4.68           8.496117e-05 -2.990530e-01 -2.361301e-05 8.224212e-05 -2.982818e-01 -1.566064e-05 2.719058e-06 -7.712153e-04 -7.952373e-06
4.69002        -3.304079e-05 -2.991111e-01 -1.278236e-04 -2.770330e-05 -2.983370e-01 -1.222349e-04 -5.337491e-06 -7.741636e-04 -5.588773e-06
4.7            -1.253544e-04 -2.981811e-01 -2.841728e-05 -1.181742e-04 -2.974150e-01 -3.023634e-05 -7.180240e-06 -7.661304e-04 1.819061e-06
4.71001        -8.225644e-05 -2.990113e-01 2.425697e-05 -7.980621e-05 -2.982413e-01 1.615549e-05 -2.450230e-06 -7.700144e-04 8.101483e-06
4.72           4.027058e-05 -2.991377e-01 1.338789e-04 3.472179e-05 -2.983631e-01 1.284920e-04 5.548797e-06 -7.746425e-04 5.386898e-06
4.73           1.319913e-04 -2.981852e-01 2.385288e-05 1.249322e-04 -2.974188e-01 2.597327e-05 7.059047e-06 -7.663429e-04 -2.120390e-06
4.74           7.811635e-05 -2.989366e-01 -2.360859e-05 7.596581e-05 -2.981678e-01 -1.549583e-05 2.150543e-06 -7.688312e-04 -8.112761e-06
4.75002        -4.765264e-05 -2.991903e-01 -1.303092e-04 -4.186542e-05 -2.984150e-01 -1.251524e-04 -5.787225e-06 -7.753704e-04 -5.156817e-06
4.76           -1.373177e-04 -2.982318e-01 -2.144279e-05 -1.303742e-04 -2.974651e-01 -2.385720e-05 -6.943502e-06 -7.666732e-04 2.414411e-06
4.77001        -7.434012e-05 -2.988632e-01 2.856372e-05 -7.250449e-05 -2.980951e-01 2.046886e-05 -1.835626e-06 -7.681479e-04 8.094855e-06
4.78           5.389487e-05 -2.991675e-01 1.304812e-04 4.790861e-05 -2.983917e-01 1.255270e-04 5.986259e-06 -7.758054e-04 4.954213e-06
4.79001        1.418767e-04 -2.982368e-01 1.350601e-05 1.350249e-04 -2.974697e-01 1.618861e-05 6.851858e-06 -7.670214e-04 -2.682608e-06
4.8            7.467372e-05 -2.987739e-01 -3.843069e-05 7.315932e-05 -2.980068e-01 -3.040743e-05 1.514393e-06 -7.670981e-04 -8.023261e-06
