# Force and moment coefficients
# dragDir     : (1.000000e+00 0.000000e+00 0.000000e+00)
# sideDir     : (0.000000e+00 1.000000e+00 0.000000e+00)
# liftDir     : (0.000000e+00 0.000000e+00 1.000000e+00)
# rollAxis    : (1.000000e+00 0.000000e+00 0.000000e+00)
# pitchAxis   : (0.000000e+00 1.000000e+00 0.000000e+00)
# yawAxis     : (0.000000e+00 0.000000e+00 1.000000e+00)
# magUInf     : 6.000000e+00
# lRef        : 4.360000e-01
# Aref        : 1.490000e-01
# CofR        : (0.000000e+00 0.000000e+00 0.000000e+00)
#
# Time        	Cd            	Cd(f)         	Cd(r)         	Cl            	Cl(f)         	Cl(r)         	CmPitch       	CmRoll        	CmYaw         	Cs            	Cs(f)         	Cs(r)         
1.83002       	-5.656925e-04	-1.818710e-04	-3.838215e-04	1.008862e-03	-2.311928e-01	2.322016e-01	-2.316972e-01	1.009752e-04	-2.699710e-05	-4.701511e-01	-2.351025e-01	-2.350485e-01
1.84          	6.372900e-04	3.397098e-04	2.975802e-04	9.602035e-04	-2.304932e-01	2.314534e-01	-2.309733e-01	2.106478e-05	-9.759569e-05	-4.683182e-01	-2.342567e-01	-2.340615e-01
1.85001       	1.008667e-03	4.846868e-04	5.239799e-04	-6.878774e-05	-2.316449e-01	2.315761e-01	-2.316105e-01	-1.964656e-05	-6.426680e-05	-4.697562e-01	-2.349424e-01	-2.348139e-01
1.86          	5.371848e-04	1.664960e-04	3.706889e-04	-1.025914e-03	-2.322369e-01	2.312110e-01	-2.317239e-01	-1.020964e-04	3.049984e-05	-4.702502e-01	-2.350946e-01	-2.351556e-01
1.87          	-6.700366e-04	-3.542351e-04	-3.158015e-04	-9.467972e-04	-2.314582e-01	2.305114e-01	-2.309848e-01	-1.921676e-05	1.028063e-04	-4.683458e-01	-2.340701e-01	-2.342757e-01
1.88          	-1.004293e-03	-4.818006e-04	-5.224925e-04	1.188554e-04	-2.314916e-01	2.316105e-01	-2.315511e-01	2.034597e-05	6.020556e-05	-4.696087e-01	-2.347441e-01	-2.348645e-01
1.89002       	-5.008035e-04	-1.478141e-04	-3.529894e-04	1.055097e-03	-2.312257e-01	2.322808e-01	-2.317532e-01	1.025876e-04	-3.812397e-05	-4.703345e-01	-2.352054e-01	-2.351291e-01
1.9           	7.066469e-04	3.684414e-04	3.382056e-04	9.297944e-04	-2.305469e-01	2.314767e-01	-2.310118e-01	1.511791e-05	-1.068463e-04	-4.683940e-01	-2.343039e-01	-2.340902e-01
1.91001       	1.001627e-03	4.776928e-04	5.239339e-04	-1.666376e-04	-2.315772e-01	2.314106e-01	-2.314939e-01	-2.312055e-05	-5.766135e-05	-4.694697e-01	-2.347925e-01	-2.346772e-01
1.92          	4.601726e-04	1.302967e-04	3.298759e-04	-1.067861e-03	-2.322771e-01	2.312093e-01	-2.317432e-01	-9.978962e-05	4.194181e-05	-4.703248e-01	-2.351204e-01	-2.352043e-01
1.93001       	-7.442004e-04	-3.828847e-04	-3.613157e-04	-9.115544e-04	-2.314805e-01	2.305689e-01	-2.310247e-01	-1.078449e-05	1.103953e-04	-4.684347e-01	-2.341070e-01	-2.343278e-01
1.94          	-1.003211e-03	-4.718102e-04	-5.314010e-04	1.997254e-04	-2.313261e-01	2.315258e-01	-2.314259e-01	2.979543e-05	5.780937e-05	-4.693165e-01	-2.346004e-01	-2.347161e-01
1.95002       	-4.153056e-04	-1.092594e-04	-3.060462e-04	1.072119e-03	-2.312320e-01	2.323041e-01	-2.317680e-01	9.839340e-05	-4.315435e-05	-4.703657e-01	-2.352260e-01	-2.351397e-01
1.96          	7.972141e-04	3.994616e-04	3.977524e-04	8.862358e-04	-2.306395e-01	2.315257e-01	-2.310826e-01	8.546057e-07	-1.108558e-04	-4.685591e-01	-2.343904e-01	-2.341687e-01
1.97001       	1.013532e-03	4.668376e-04	5.466946e-04	-2.341640e-04	-2.314841e-01	2.312500e-01	-2.313670e-01	-3.992848e-05	-5.841392e-05	-4.691709e-01	-2.346438e-01	-2.345270e-01
1.98          	3.575817e-04	8.646835e-05	2.711134e-04	-1.054183e-03	-2.322634e-01	2.312092e-01	-2.317363e-01	-9.232251e-05	3.834705e-05	-4.702851e-01	-2.351042e-01	-2.351809e-01
1.99001       	-8.254911e-04	-4.108996e-04	-4.145915e-04	-8.568029e-04	-2.315719e-01	2.307151e-01	-2.311435e-01	1.845931e-06	1.116797e-04	-4.687166e-01	-2.342466e-01	-2.344700e-01
2             	-1.021960e-03	-4.604995e-04	-5.614603e-04	2.824657e-04	-2.311558e-01	2.314383e-01	-2.312971e-01	5.048040e-05	5.356251e-05	-4.690186e-01	-2.344558e-01	-2.345629e-01
2.01002       	-3.073849e-04	-6.474060e-05	-2.426443e-04	1.039346e-03	-2.312501e-01	2.322895e-01	-2.317698e-01	8.895186e-05	-3.292365e-05	-4.703237e-01	-2.351948e-01	-2.351289e-01
2.02          	8.573184e-04	4.217465e-04	4.355720e-04	8.358311e-04	-2.307877e-01	2.316235e-01	-2.312056e-01	-6.912754e-06	-1.127442e-04	-4.688517e-01	-2.345386e-01	-2.343131e-01
2.03          	1.014748e-03	4.498807e-04	5.648672e-04	-3.352237e-04	-2.314110e-01	2.310758e-01	-2.312434e-01	-5.749326e-05	-4.865828e-05	-4.688951e-01	-2.344962e-01	-2.343989e-01
2.04          	2.516180e-04	4.462117e-05	2.069968e-04	-1.021310e-03	-2.322685e-01	2.312472e-01	-2.317579e-01	-8.118782e-05	2.523594e-05	-4.702850e-01	-2.351173e-01	-2.351677e-01
2.05001       	-8.825281e-04	-4.324720e-04	-4.500560e-04	-8.101359e-04	-2.316647e-01	2.308546e-01	-2.312596e-01	8.792012e-06	1.127340e-04	-4.690082e-01	-2.343914e-01	-2.346168e-01
2.06          	-1.008118e-03	-4.395470e-04	-5.685705e-04	3.791795e-04	-2.309806e-01	2.313597e-01	-2.311702e-01	6.451173e-05	4.547649e-05	-4.687301e-01	-2.343196e-01	-2.344105e-01
2.07002       	-2.043189e-04	-2.498221e-05	-1.793367e-04	1.006870e-03	-2.312706e-01	2.322774e-01	-2.317740e-01	7.717723e-05	-1.876573e-05	-4.702840e-01	-2.351608e-01	-2.351233e-01
2.08          	9.133446e-04	4.432965e-04	4.700481e-04	7.734480e-04	-2.309338e-01	2.317072e-01	-2.313205e-01	-1.337580e-05	-1.088735e-04	-4.691634e-01	-2.346906e-01	-2.344728e-01
2.09          	9.977417e-04	4.287011e-04	5.690406e-04	-4.165231e-04	-2.313187e-01	2.309022e-01	-2.311104e-01	-7.016972e-05	-4.458412e-05	-4.685809e-01	-2.343350e-01	-2.342459e-01
2.1           	1.551250e-04	4.855661e-06	1.502694e-04	-9.906672e-04	-2.322451e-01	2.312544e-01	-2.317498e-01	-7.270686e-05	1.283759e-05	-4.702219e-01	-2.350981e-01	-2.351238e-01
2.11002       	-9.323736e-04	-4.515519e-04	-4.808217e-04	-7.182107e-04	-2.317509e-01	2.310327e-01	-2.313918e-01	1.463491e-05	1.019063e-04	-4.693651e-01	-2.345806e-01	-2.347844e-01
2.12          	-9.829675e-04	-4.164490e-04	-5.665186e-04	4.552213e-04	-2.308165e-01	2.312718e-01	-2.310442e-01	7.503481e-05	4.248153e-05	-4.684341e-01	-2.341746e-01	-2.342595e-01
2.13002       	-1.250559e-04	1.160068e-05	-1.366566e-04	9.966227e-04	-2.312486e-01	2.322452e-01	-2.317469e-01	7.412863e-05	-1.375317e-05	-4.701753e-01	-2.351014e-01	-2.350739e-01
2.14          	9.582036e-04	4.600436e-04	4.981600e-04	6.801440e-04	-2.310881e-01	2.317682e-01	-2.314281e-01	-1.905817e-05	-9.889603e-05	-4.694885e-01	-2.348431e-01	-2.346454e-01
2.15          	9.888059e-04	4.092065e-04	5.795994e-04	-4.906052e-04	-2.312651e-01	2.307745e-01	-2.310198e-01	-8.519644e-05	-4.028665e-05	-4.683910e-01	-2.342358e-01	-2.341552e-01
2.16          	7.479818e-05	-3.218328e-05	1.069815e-04	-9.925662e-04	-2.322081e-01	2.312155e-01	-2.317118e-01	-6.958237e-05	1.262084e-05	-4.700700e-01	-2.350224e-01	-2.350476e-01
2.17002       	-9.757754e-04	-4.662834e-04	-5.094921e-04	-6.430243e-04	-2.318489e-01	2.312058e-01	-2.315273e-01	2.160435e-05	9.920958e-05	-4.697253e-01	-2.347634e-01	-2.349619e-01
2.18          	-9.918249e-04	-4.035291e-04	-5.882957e-04	5.361727e-04	-2.307147e-01	2.312509e-01	-2.309828e-01	9.238330e-05	3.384228e-05	-4.683209e-01	-2.341266e-01	-2.341943e-01
2.19001       	-2.349651e-05	5.494622e-05	-7.844273e-05	9.921602e-04	-2.312072e-01	2.321994e-01	-2.317033e-01	6.669448e-05	-1.329279e-05	-4.700254e-01	-2.350260e-01	-2.349994e-01
2.2           	9.963390e-04	4.728527e-04	5.234863e-04	6.132552e-04	-2.312731e-01	2.318864e-01	-2.315798e-01	-2.531677e-05	-1.010581e-04	-4.698720e-01	-2.350371e-01	-2.348349e-01
2.21          	9.821310e-04	3.964833e-04	5.856477e-04	-5.808576e-04	-2.312491e-01	2.306682e-01	-2.309586e-01	-9.458221e-05	-2.697787e-05	-4.682800e-01	-2.341670e-01	-2.341130e-01
2.22          	-1.460963e-05	-7.332333e-05	5.871371e-05	-1.001053e-03	-2.321604e-01	2.311593e-01	-2.316599e-01	-6.601852e-05	1.613960e-05	-4.699101e-01	-2.349389e-01	-2.349712e-01
2.23002       	-1.003332e-03	-4.760043e-04	-5.273281e-04	-5.731747e-04	-2.319682e-01	2.313951e-01	-2.316817e-01	2.566190e-05	1.000113e-04	-4.701141e-01	-2.349570e-01	-2.351571e-01
2.24          	-9.594088e-04	-3.837609e-04	-5.756479e-04	6.287250e-04	-2.306584e-01	2.312871e-01	-2.309728e-01	9.594349e-05	2.187416e-05	-4.683238e-01	-2.341400e-01	-2.341838e-01
2.25001       	6.022785e-05	9.393357e-05	-3.370572e-05	1.005064e-03	-2.311252e-01	2.321303e-01	-2.316278e-01	6.381965e-05	-1.857192e-05	-4.698073e-01	-2.349222e-01	-2.348851e-01
2.26          	1.021819e-03	4.811594e-04	5.406593e-04	5.494104e-04	-2.314370e-01	2.319864e-01	-2.317117e-01	-2.974996e-05	-1.026360e-04	-4.702091e-01	-2.352072e-01	-2.350019e-01
2.27          	9.533697e-04	3.752684e-04	5.781013e-04	-6.612347e-04	-2.313045e-01	2.306432e-01	-2.309739e-01	-1.014165e-04	-1.932780e-05	-4.683189e-01	-2.341788e-01	-2.341401e-01
2.28          	-1.035123e-04	-1.135178e-04	1.000549e-05	-1.004616e-03	-2.320721e-01	2.310675e-01	-2.315698e-01	-6.176165e-05	2.006740e-05	-4.696619e-01	-2.348109e-01	-2.348510e-01
2.29002       	-1.045124e-03	-4.871421e-04	-5.579819e-04	-5.054689e-04	-2.320071e-01	2.315016e-01	-2.317544e-01	3.541993e-05	1.011289e-04	-4.703334e-01	-2.350656e-01	-2.352678e-01
2.3           	-9.317111e-04	-3.607876e-04	-5.709235e-04	6.934903e-04	-2.306659e-01	2.313594e-01	-2.310127e-01	1.050679e-04	1.726348e-05	-4.683998e-01	-2.341826e-01	-2.342172e-01
2.31001       	1.561801e-04	1.360505e-04	2.012961e-05	9.984987e-04	-2.310178e-01	2.320163e-01	-2.315170e-01	5.796044e-05	-2.119724e-05	-4.695308e-01	-2.347866e-01	-2.347442e-01
2.32          	1.066178e-03	4.916735e-04	5.745043e-04	4.741514e-04	-2.315026e-01	2.319767e-01	-2.317397e-01	-4.141543e-05	-1.010092e-04	-4.703154e-01	-2.352587e-01	-2.350567e-01
2.33001       	9.190420e-04	3.496846e-04	5.693574e-04	-7.348669e-04	-2.313813e-01	2.306464e-01	-2.310139e-01	-1.098364e-04	-1.159066e-05	-4.684055e-01	-2.342143e-01	-2.341911e-01
2.34          	-1.905255e-04	-1.528231e-04	-3.770243e-05	-1.001544e-03	-2.319468e-01	2.309453e-01	-2.314461e-01	-5.756032e-05	2.806231e-05	-4.693678e-01	-2.346558e-01	-2.347119e-01
2.35002       	-1.071086e-03	-4.929293e-04	-5.781564e-04	-4.239253e-04	-2.320081e-01	2.315841e-01	-2.317961e-01	4.261355e-05	9.763528e-05	-4.704319e-01	-2.351183e-01	-2.353136e-01
2.36          	-8.933706e-04	-3.358145e-04	-5.575561e-04	7.793534e-04	-2.306787e-01	2.314580e-01	-2.310683e-01	1.108708e-04	4.442876e-06	-4.685304e-01	-2.342607e-01	-2.342696e-01
2.37001       	2.221764e-04	1.705776e-04	5.159884e-05	1.006822e-03	-2.308876e-01	2.318944e-01	-2.313910e-01	5.948937e-05	-3.634692e-05	-4.692345e-01	-2.346536e-01	-2.345809e-01
2.38          	1.063063e-03	4.906477e-04	5.724148e-04	3.788030e-04	-2.315417e-01	2.319205e-01	-2.317311e-01	-4.088355e-05	-9.510718e-05	-4.702780e-01	-2.352341e-01	-2.350439e-01
2.39001       	8.637277e-04	3.212152e-04	5.425125e-04	-8.201465e-04	-2.315300e-01	2.307099e-01	-2.311199e-01	-1.106486e-04	2.033267e-06	-4.686551e-01	-2.343255e-01	-2.343296e-01
2.4           	-2.651492e-04	-1.888303e-04	-7.631894e-05	-1.018740e-03	-2.318275e-01	2.308088e-01	-2.313181e-01	-5.625567e-05	4.750987e-05	-4.690721e-01	-2.344886e-01	-2.345836e-01
2.41002       	-1.042299e-03	-4.869683e-04	-5.553312e-04	-3.173663e-04	-2.319282e-01	2.316108e-01	-2.317695e-01	3.418145e-05	8.900177e-05	-4.703346e-01	-2.350783e-01	-2.352563e-01
2.42          	-8.409933e-04	-3.076058e-04	-5.333875e-04	8.464555e-04	-2.307688e-01	2.316152e-01	-2.311920e-01	1.128909e-04	-4.570316e-06	-4.688262e-01	-2.344177e-01	-2.344085e-01
2.43          	3.189709e-04	2.103276e-04	1.086433e-04	1.015426e-03	-2.307586e-01	2.317740e-01	-2.312663e-01	5.084215e-05	-5.544361e-05	-4.689537e-01	-2.345323e-01	-2.344214e-01
2.44          	1.029036e-03	4.862774e-04	5.427588e-04	2.696015e-04	-2.316190e-01	2.318886e-01	-2.317538e-01	-2.824072e-05	-8.357541e-05	-4.702785e-01	-2.352228e-01	-2.350557e-01
2.45001       	8.193822e-04	2.972046e-04	5.221776e-04	-8.737737e-04	-2.316775e-01	2.308037e-01	-2.312406e-01	-1.124865e-04	8.386615e-06	-4.689509e-01	-2.344671e-01	-2.344838e-01
2.46          	-3.650841e-04	-2.296573e-04	-1.354268e-04	-1.007411e-03	-2.316957e-01	2.306883e-01	-2.311920e-01	-4.711523e-05	6.228834e-05	-4.687895e-01	-2.343324e-01	-2.344570e-01
2.47002       	-1.008315e-03	-4.842450e-04	-5.240699e-04	-2.151166e-04	-2.318844e-01	2.316693e-01	-2.317769e-01	1.991244e-05	7.758318e-05	-4.703023e-01	-2.350736e-01	-2.352287e-01
2.48          	-7.850354e-04	-2.819799e-04	-5.030554e-04	9.018485e-04	-2.308546e-01	2.317565e-01	-2.313056e-01	1.105378e-04	-1.100898e-05	-4.691249e-01	-2.345735e-01	-2.345515e-01
2.49          	4.024695e-04	2.473352e-04	1.551343e-04	1.000660e-03	-2.306318e-01	2.316324e-01	-2.311321e-01	4.610047e-05	-6.921699e-05	-4.686413e-01	-2.343899e-01	-2.342514e-01
2.5           	9.961785e-04	4.833793e-04	5.127992e-04	1.720393e-04	-2.316650e-01	2.318371e-01	-2.317511e-01	-1.470993e-05	-7.386158e-05	-4.702258e-01	-2.351868e-01	-2.350391e-01
2.51002       	7.357885e-04	2.639244e-04	4.718641e-04	-9.289899e-04	-2.318300e-01	2.309010e-01	-2.313655e-01	-1.039698e-04	1.476585e-05	-4.692924e-01	-2.346315e-01	-2.346610e-01
2.52          	-4.403291e-04	-2.646232e-04	-1.757059e-04	-9.834388e-04	-2.315586e-01	2.305752e-01	-2.310669e-01	-4.445865e-05	7.332039e-05	-4.684888e-01	-2.341711e-01	-2.343177e-01
2.53002       	-9.901882e-04	-4.828529e-04	-5.073353e-04	-1.298662e-04	-2.318201e-01	2.316903e-01	-2.317552e-01	1.224118e-05	7.322278e-05	-4.702082e-01	-2.350309e-01	-2.351773e-01
2.54          	-6.928418e-04	-2.467812e-04	-4.460605e-04	9.520097e-04	-2.309280e-01	2.318800e-01	-2.314040e-01	9.963964e-05	-1.820882e-05	-4.694210e-01	-2.347287e-01	-2.346923e-01
2.55          	4.825333e-04	2.817099e-04	2.008234e-04	9.902025e-04	-2.305279e-01	2.315181e-01	-2.310230e-01	4.044321e-05	-8.213240e-05	-4.683885e-01	-2.342764e-01	-2.341121e-01
2.56          	9.908866e-04	4.831010e-04	5.077856e-04	8.733695e-05	-2.316760e-01	2.317634e-01	-2.317197e-01	-1.234228e-05	-7.047300e-05	-4.701027e-01	-2.351218e-01	-2.349809e-01
2.57002       	6.517106e-04	2.273035e-04	4.244071e-04	-9.673794e-04	-2.319932e-01	2.310258e-01	-2.315095e-01	-9.855184e-05	2.043157e-05	-4.696790e-01	-2.348191e-01	-2.348599e-01
2.58          	-5.197148e-04	-2.959177e-04	-2.237971e-04	-9.920662e-04	-2.314834e-01	2.304914e-01	-2.309874e-01	-3.606030e-05	9.049375e-05	-4.683211e-01	-2.340700e-01	-2.342510e-01
2.59001       	-9.928423e-04	-4.838500e-04	-5.089923e-04	-4.032314e-05	-2.317311e-01	2.316908e-01	-2.317109e-01	1.257117e-05	6.794985e-05	-4.700440e-01	-2.349540e-01	-2.350899e-01
2.6           	-6.203993e-04	-2.102095e-04	-4.101898e-04	9.917250e-04	-2.310632e-01	2.320549e-01	-2.315590e-01	9.999013e-05	-2.459569e-05	-4.698233e-01	-2.349362e-01	-2.348870e-01
2.61          	5.614439e-04	3.114856e-04	2.499583e-04	9.851406e-04	-2.304775e-01	2.314626e-01	-2.309700e-01	3.076366e-05	-9.421294e-05	-4.683045e-01	-2.342465e-01	-2.340580e-01
2.62          	1.002343e-03	4.850217e-04	5.173214e-04	3.444269e-06	-2.316652e-01	2.316686e-01	-2.316669e-01	-1.614986e-05	-6.731925e-05	-4.699276e-01	-2.350311e-01	-2.348965e-01
2.63002       	5.909214e-04	1.931662e-04	3.977552e-04	-1.002991e-03	-2.321569e-01	2.311539e-01	-2.316554e-01	-1.022945e-04	2.583341e-05	-4.700479e-01	-2.349981e-01	-2.350498e-01
2.64          	-6.203085e-04	-3.314670e-04	-2.888414e-04	-9.632228e-04	-2.314473e-01	2.304841e-01	-2.309657e-01	-2.131279e-05	9.435886e-05	-4.683005e-01	-2.340559e-01	-2.342446e-01
2.65001       	-1.010331e-03	-4.858310e-04	-5.245001e-04	4.509989e-05	-2.316154e-01	2.316605e-01	-2.316379e-01	1.933452e-05	6.456197e-05	-4.698302e-01	-2.348505e-01	-2.349797e-01
2.66          	-5.509274e-04	-1.755515e-04	-3.753760e-04	1.013943e-03	-2.312005e-01	2.322144e-01	-2.317074e-01	9.991225e-05	-2.783554e-05	-4.701925e-01	-2.351241e-01	-2.350684e-01
2.67          	6.470388e-04	3.451950e-04	3.018438e-04	9.561165e-04	-2.304904e-01	2.314465e-01	-2.309684e-01	2.167557e-05	-1.001719e-04	-4.683147e-01	-2.342575e-01	-2.340572e-01
2.68          	1.006438e-03	4.841115e-04	5.223262e-04	-8.675080e-05	-2.316236e-01	2.315369e-01	-2.315803e-01	-1.910731e-05	-6.306890e-05	-4.696901e-01	-2.349081e-01	-2.347820e-01
2.69002       	5.242137e-04	1.587955e-04	3.654183e-04	-1.039664e-03	-2.322634e-01	2.312238e-01	-2.317436e-01	-1.033114e-04	3.402741e-05	-4.702983e-01	-2.351151e-01	-2.351832e-01
2.7           	-6.872292e-04	-3.604479e-04	-3.267813e-04	-9.400008e-04	-2.314740e-01	2.305340e-01	-2.310040e-01	-1.683330e-05	1.040718e-04	-4.683768e-01	-2.340844e-01	-2.342925e-01
2.71001       	-1.001799e-03	-4.803319e-04	-5.214670e-04	1.411104e-04	-2.314648e-01	2.316059e-01	-2.315353e-01	2.056756e-05	5.883117e-05	-4.695668e-01	-2.347246e-01	-2.348423e-01
2.72          	-4.801045e-04	-1.402323e-04	-3.398722e-04	1.060857e-03	-2.312143e-01	2.322751e-01	-2.317447e-01	9.981999e-05	-3.995258e-05	-4.703285e-01	-2.352042e-01	-2.351243e-01
2.73001       	7.198660e-04	3.741934e-04	3.456727e-04	9.247353e-04	-2.305468e-01	2.314715e-01	-2.310092e-01	1.426035e-05	-1.094558e-04	-4.683984e-01	-2.343087e-01	-2.340897e-01
2.74          	1.003028e-03	4.754151e-04	5.276133e-04	-1.802309e-04	-2.315497e-01	2.313695e-01	-2.314596e-01	-2.609911e-05	-5.717312e-05	-4.693928e-01	-2.347535e-01	-2.346392e-01
2.75002       	4.459214e-04	1.223140e-04	3.236074e-04	-1.075472e-03	-2.323827e-01	2.313073e-01	-2.318450e-01	-1.006467e-04	4.327381e-05	-4.705338e-01	-2.352236e-01	-2.353102e-01
2.76          	-7.657122e-04	-3.893194e-04	-3.763928e-04	-9.022677e-04	-2.314997e-01	2.305974e-01	-2.310485e-01	-6.463343e-06	1.103692e-04	-4.684809e-01	-2.341301e-01	-2.343508e-01
2.77001       	-1.007602e-03	-4.697567e-04	-5.378448e-04	2.133098e-04	-2.313008e-01	2.315141e-01	-2.314075e-01	3.404406e-05	5.844967e-05	-4.692661e-01	-2.345746e-01	-2.346915e-01
2.78          	-3.900383e-04	-1.001738e-04	-2.898645e-04	1.063884e-03	-2.312027e-01	2.322666e-01	-2.317347e-01	9.484533e-05	-4.146986e-05	-4.702952e-01	-2.351891e-01	-2.351061e-01
2.79001       	8.079304e-04	4.041138e-04	4.038166e-04	8.736559e-04	-2.306650e-01	2.315387e-01	-2.311019e-01	1.485744e-07	-1.114561e-04	-4.686156e-01	-2.344192e-01	-2.341963e-01
2.8           	1.016333e-03	4.643517e-04	5.519815e-04	-2.518695e-04	-2.314588e-01	2.312069e-01	-2.313329e-01	-4.381490e-05	-5.672462e-05	-4.690975e-01	-2.346055e-01	-2.344920e-01
2.81002       	3.388989e-04	7.709453e-05	2.618044e-04	-1.051058e-03	-2.322879e-01	2.312368e-01	-2.317623e-01	-9.235492e-05	3.681981e-05	-4.703237e-01	-2.351250e-01	-2.351987e-01
2.82          	-8.403243e-04	-4.156034e-04	-4.247209e-04	-8.481267e-04	-2.315956e-01	2.307475e-01	-2.311716e-01	4.558789e-06	1.118531e-04	-4.687719e-01	-2.342741e-01	-2.344978e-01
2.83          	-1.021515e-03	-4.568909e-04	-5.646239e-04	3.034676e-04	-2.311286e-01	2.314320e-01	-2.312803e-01	5.386652e-05	5.177643e-05	-4.689776e-01	-2.344370e-01	-2.345406e-01
2.84          	-2.826390e-04	-5.652733e-05	-2.261117e-04	1.030148e-03	-2.312389e-01	2.322690e-01	-2.317540e-01	8.479216e-05	-3.013698e-05	-4.702864e-01	-2.351733e-01	-2.351130e-01
2.85001       	8.633936e-04	4.252477e-04	4.381459e-04	8.264663e-04	-2.308124e-01	2.316389e-01	-2.312256e-01	-6.449084e-06	-1.132779e-04	-4.689142e-01	-2.345704e-01	-2.343438e-01
2.86          	1.009416e-03	4.449761e-04	5.644399e-04	-3.530780e-04	-2.313862e-01	2.310331e-01	-2.312097e-01	-5.973186e-05	-4.709616e-05	-4.688242e-01	-2.344592e-01	-2.343650e-01
2.87002       	2.364366e-04	3.759215e-05	1.988444e-04	-1.019588e-03	-2.322839e-01	2.312643e-01	-2.317741e-01	-8.062613e-05	2.363754e-05	-4.702986e-01	-2.351256e-01	-2.351729e-01
2.88          	-8.960663e-04	-4.370555e-04	-4.590108e-04	-7.999129e-04	-2.316853e-01	2.308854e-01	-2.312853e-01	1.097768e-05	1.120189e-04	-4.690655e-01	-2.344207e-01	-2.346448e-01
2.89          	-1.005857e-03	-4.354943e-04	-5.703624e-04	3.940741e-04	-2.309516e-01	2.313457e-01	-2.311486e-01	6.743405e-05	4.514066e-05	-4.686750e-01	-2.342923e-01	-2.343826e-01
2.9           	-1.804798e-04	-1.637051e-05	-1.641093e-04	9.948701e-04	-2.312597e-01	2.322545e-01	-2.317571e-01	7.386940e-05	-1.483241e-05	-4.702513e-01	-2.351405e-01	-2.351108e-01
2.91001       	9.209595e-04	4.469123e-04	4.740472e-04	7.488705e-04	-2.309727e-01	2.317215e-01	-2.313471e-01	-1.356744e-05	-1.055221e-04	-4.692464e-01	-2.347287e-01	-2.345177e-01
2.92          	9.890636e-04	4.230363e-04	5.660273e-04	-4.305876e-04	-2.312973e-01	2.308667e-01	-2.310820e-01	-7.149551e-05	-4.419347e-05	-4.685175e-01	-2.343030e-01	-2.342146e-01
2.93002       	1.447638e-04	-1.708607e-06	1.464724e-04	-9.936297e-04	-2.322547e-01	2.312610e-01	-2.317579e-01	-7.409052e-05	1.321013e-05	-4.702157e-01	-2.350946e-01	-2.351211e-01
2.94          	-9.450044e-04	-4.554057e-04	-4.895986e-04	-7.067318e-04	-2.317721e-01	2.310654e-01	-2.314188e-01	1.709644e-05	1.017810e-04	-4.694285e-01	-2.346125e-01	-2.348160e-01
2.95          	-9.886725e-04	-4.149532e-04	-5.737193e-04	4.719869e-04	-2.307926e-01	2.312646e-01	-2.310286e-01	7.938306e-05	4.115249e-05	-4.684000e-01	-2.341588e-01	-2.342411e-01
2.96          	-1.036560e-04	2.030171e-05	-1.239577e-04	9.923200e-04	-2.312284e-01	2.322207e-01	-2.317245e-01	7.212972e-05	-1.298567e-05	-4.701233e-01	-2.350747e-01	-2.350487e-01
2.97002       	9.648712e-04	4.619610e-04	5.029102e-04	6.653971e-04	-2.311532e-01	2.318186e-01	-2.314859e-01	-2.047458e-05	-9.943389e-05	-4.696170e-01	-2.349079e-01	-2.347091e-01
2.98          	9.897696e-04	4.066187e-04	5.831509e-04	-5.055436e-04	-2.312477e-01	2.307422e-01	-2.309950e-01	-8.826608e-05	-3.829408e-05	-4.683358e-01	-2.342062e-01	-2.341296e-01
2.99002       	5.327063e-05	-4.188297e-05	9.515360e-05	-9.906961e-04	-2.322151e-01	2.312244e-01	-2.317197e-01	-6.851828e-05	1.173512e-05	-4.700718e-01	-2.350242e-01	-2.350476e-01
3             	-9.873983e-04	-4.696078e-04	-5.177904e-04	-6.316466e-04	-2.318501e-01	2.312185e-01	-2.315343e-01	2.409130e-05	9.996187e-05	-4.697607e-01	-2.347804e-01	-2.349803e-01
3.01          	-9.880262e-04	-4.005523e-04	-5.874739e-04	5.521350e-04	-2.307033e-01	2.312554e-01	-2.309794e-01	9.346084e-05	3.169622e-05	-4.683168e-01	-2.341267e-01	-2.341901e-01
3.02          	-1.617013e-05	5.948621e-05	-7.565633e-05	1.002044e-03	-2.311732e-01	2.321753e-01	-2.316742e-01	6.757127e-05	-1.663302e-05	-4.699470e-01	-2.349901e-01	-2.349569e-01
3.03002       	1.001531e-03	4.748634e-04	5.266672e-04	6.013687e-04	-2.313325e-01	2.319339e-01	-2.316332e-01	-2.590189e-05	-1.022825e-04	-4.699924e-01	-2.350985e-01	-2.348939e-01
3.04          	9.699449e-04	3.909081e-04	5.790368e-04	-6.051336e-04	-2.312659e-01	2.306608e-01	-2.309633e-01	-9.406434e-05	-2.319265e-05	-4.682929e-01	-2.341696e-01	-2.341232e-01
3.05001       	-3.130944e-05	-8.108072e-05	4.977129e-05	-1.009859e-03	-2.321560e-01	2.311462e-01	-2.316511e-01	-6.542601e-05	1.896718e-05	-4.698669e-01	-2.349145e-01	-2.349524e-01
3.06          	-1.007832e-03	-4.771787e-04	-5.306528e-04	-5.592221e-04	-2.319691e-01	2.314099e-01	-2.316895e-01	2.673703e-05	9.935731e-05	-4.701441e-01	-2.349727e-01	-2.351714e-01
3.07          	-9.563716e-04	-3.803024e-04	-5.760692e-04	6.370852e-04	-2.306408e-01	2.312779e-01	-2.309593e-01	9.788340e-05	2.229582e-05	-4.682977e-01	-2.341265e-01	-2.341711e-01
3.08          	7.333584e-05	1.003468e-04	-2.701098e-05	1.005798e-03	-2.310924e-01	2.320982e-01	-2.315953e-01	6.367890e-05	-1.865162e-05	-4.697288e-01	-2.348831e-01	-2.348458e-01
3.09002       	1.033851e-03	4.842865e-04	5.495643e-04	5.382199e-04	-2.314693e-01	2.320075e-01	-2.317384e-01	-3.263893e-05	-1.041068e-04	-4.702769e-01	-2.352426e-01	-2.350344e-01
3.1           	9.461048e-04	3.700469e-04	5.760578e-04	-6.765923e-04	-2.313377e-01	2.306611e-01	-2.309994e-01	-1.030055e-04	-1.788584e-05	-4.683676e-01	-2.342017e-01	-2.341659e-01
3.11001       	-1.261146e-04	-1.230109e-04	-3.103706e-06	-1.002238e-03	-2.320568e-01	2.310546e-01	-2.315557e-01	-5.995358e-05	1.973291e-05	-4.696157e-01	-2.347881e-01	-2.348276e-01
3.12          	-1.053772e-03	-4.891079e-04	-5.646641e-04	-4.933059e-04	-2.319902e-01	2.314968e-01	-2.317435e-01	3.777806e-05	1.007191e-04	-4.703224e-01	-2.350605e-01	-2.352619e-01
3.13001       	-9.279679e-04	-3.562725e-04	-5.716954e-04	7.075970e-04	-2.306491e-01	2.313567e-01	-2.310029e-01	1.077115e-04	1.568043e-05	-4.683842e-01	-2.341764e-01	-2.342078e-01
3.14          	1.692870e-04	1.419141e-04	2.737289e-05	1.001849e-03	-2.309775e-01	2.319793e-01	-2.314784e-01	5.727061e-05	-2.399356e-05	-4.694361e-01	-2.347420e-01	-2.346940e-01
3.15002       	1.072128e-03	4.932956e-04	5.788327e-04	4.592716e-04	-2.315228e-01	2.319821e-01	-2.317524e-01	-4.276854e-05	-1.013241e-04	-4.703401e-01	-2.352714e-01	-2.350687e-01
3.16          	9.101517e-04	3.449650e-04	5.651867e-04	-7.507303e-04	-2.314119e-01	2.306612e-01	-2.310365e-01	-1.101108e-04	-9.193243e-06	-4.684521e-01	-2.342352e-01	-2.342168e-01
3.17001       	-2.035935e-04	-1.598740e-04	-4.371952e-05	-1.005571e-03	-2.319301e-01	2.309246e-01	-2.314274e-01	-5.807725e-05	3.134150e-05	-4.693131e-01	-2.346252e-01	-2.346879e-01
3.18          	-1.068964e-03	-4.917419e-04	-5.772221e-04	-4.074453e-04	-2.319398e-01	2.315324e-01	-2.317361e-01	4.274007e-05	9.643346e-05	-4.703029e-01	-2.350550e-01	-2.352479e-01
3.19001       	-8.825836e-04	-3.298971e-04	-5.526865e-04	7.975227e-04	-2.306837e-01	2.314812e-01	-2.310825e-01	1.113947e-04	1.505999e-06	-4.685693e-01	-2.342831e-01	-2.342862e-01
3.2           	2.379512e-04	1.768548e-04	6.109640e-05	1.013000e-03	-2.308458e-01	2.318588e-01	-2.313523e-01	5.787919e-05	-4.045868e-05	-4.691422e-01	-2.346115e-01	-2.345306e-01
3.21002       	1.055231e-03	4.894586e-04	5.657723e-04	3.539777e-04	-2.315824e-01	2.319364e-01	-2.317594e-01	-3.815684e-05	-9.331143e-05	-4.703246e-01	-2.352556e-01	-2.350690e-01
3.22          	8.546943e-04	3.162358e-04	5.384585e-04	-8.314946e-04	-2.315701e-01	2.307386e-01	-2.311543e-01	-1.111113e-04	3.387514e-06	-4.687306e-01	-2.343619e-01	-2.343687e-01
3.23          	-2.884692e-04	-1.974193e-04	-9.104990e-05	-1.023936e-03	-2.318106e-01	2.307867e-01	-2.312987e-01	-5.318468e-05	5.187416e-05	-4.690177e-01	-2.344570e-01	-2.345607e-01
3.24          	-1.034562e-03	-4.852531e-04	-5.493085e-04	-2.995381e-04	-2.319004e-01	2.316009e-01	-2.317507e-01	3.202769e-05	8.702025e-05	-4.702876e-01	-2.350568e-01	-2.352308e-01
3.25001       	-8.334033e-04	-3.032874e-04	-5.301159e-04	8.563681e-04	-2.307797e-01	2.316361e-01	-2.312079e-01	1.134143e-04	-5.864056e-06	-4.688700e-01	-2.344409e-01	-2.344292e-01
3.26          	3.392600e-04	2.177680e-04	1.214920e-04	1.011822e-03	-2.307238e-01	2.317357e-01	-2.312297e-01	4.813797e-05	-5.768316e-05	-4.688688e-01	-2.344921e-01	-2.343767e-01
3.27002       	1.025358e-03	4.867660e-04	5.385924e-04	2.515236e-04	-2.316496e-01	2.319011e-01	-2.317753e-01	-2.591318e-05	-8.228185e-05	-4.703073e-01	-2.352359e-01	-2.350714e-01
3.28          	8.101603e-04	2.923854e-04	5.177749e-04	-8.872422e-04	-2.317120e-01	2.308248e-01	-2.312684e-01	-1.126947e-04	1.005955e-05	-4.690193e-01	-2.344996e-01	-2.345197e-01
3.29          	-3.848188e-04	-2.374703e-04	-1.473485e-04	-1.008326e-03	-2.316731e-01	2.306648e-01	-2.311689e-01	-4.506093e-05	6.540973e-05	-4.687230e-01	-2.342961e-01	-2.344269e-01
3.3           	-1.000608e-03	-4.833990e-04	-5.172091e-04	-1.955487e-04	-2.318548e-01	2.316593e-01	-2.317571e-01	1.690506e-05	7.540398e-05	-4.702587e-01	-2.350540e-01	-2.352048e-01
3.31001       	-7.639700e-04	-2.745484e-04	-4.894216e-04	9.140270e-04	-2.308695e-01	2.317835e-01	-2.313265e-01	1.074366e-04	-1.293562e-05	-4.691912e-01	-2.346085e-01	-2.345826e-01
3.32          	4.194478e-04	2.543045e-04	1.651433e-04	9.938833e-04	-2.306022e-01	2.315961e-01	-2.310992e-01	4.458059e-05	-7.018187e-05	-4.685587e-01	-2.343495e-01	-2.342092e-01
3.33002       	9.946755e-04	4.835331e-04	5.111425e-04	1.552215e-04	-2.316859e-01	2.318411e-01	-2.317635e-01	-1.380470e-05	-7.394966e-05	-4.702349e-01	-2.351914e-01	-2.350435e-01
3.34          	7.192303e-04	2.568964e-04	4.623339e-04	-9.370943e-04	-2.318670e-01	2.309299e-01	-2.313984e-01	-1.027187e-04	1.573910e-05	-4.693737e-01	-2.346711e-01	-2.347026e-01
3.35          	-4.606902e-04	-2.722763e-04	-1.884139e-04	-9.845497e-04	-2.315350e-01	2.305504e-01	-2.310427e-01	-4.193121e-05	7.612377e-05	-4.684281e-01	-2.341379e-01	-2.342902e-01
3.36          	-9.945342e-04	-4.836025e-04	-5.109317e-04	-1.190682e-04	-2.317893e-01	2.316702e-01	-2.317297e-01	1.366458e-05	7.322052e-05	-4.701445e-01	-2.349990e-01	-2.351455e-01
3.37002       	-6.755484e-04	-2.384932e-04	-4.370552e-04	9.620155e-04	-2.309826e-01	2.319446e-01	-2.314636e-01	9.928101e-05	-2.006971e-05	-4.695593e-01	-2.347997e-01	-2.347596e-01
3.38          	4.966269e-04	2.873955e-04	2.092315e-04	9.896394e-04	-2.305088e-01	2.314984e-01	-2.310036e-01	3.908201e-05	-8.592766e-05	-4.683531e-01	-2.342625e-01	-2.340906e-01
3.39002       	9.907574e-04	4.836440e-04	5.071133e-04	6.775416e-05	-2.316933e-01	2.317610e-01	-2.317271e-01	-1.173464e-05	-6.936015e-05	-4.700967e-01	-2.351177e-01	-2.349790e-01
3.4           	6.393510e-04	2.210223e-04	4.183287e-04	-9.761899e-04	-2.320013e-01	2.310251e-01	-2.315132e-01	-9.865322e-05	2.185117e-05	-4.697043e-01	-2.348303e-01	-2.348740e-01
3.41          	-5.408503e-04	-3.036288e-04	-2.372215e-04	-9.914362e-04	-2.314837e-01	2.304922e-01	-2.309880e-01	-3.320362e-05	9.275652e-05	-4.683296e-01	-2.340720e-01	-2.342575e-01
3.42          	-9.983417e-04	-4.838492e-04	-5.144925e-04	-2.651675e-05	-2.316947e-01	2.316682e-01	-2.316815e-01	1.532168e-05	6.730156e-05	-4.699720e-01	-2.349187e-01	-2.350533e-01
3.43002       	-6.091622e-04	-2.029933e-04	-4.061689e-04	9.985204e-04	-2.311108e-01	2.321093e-01	-2.316101e-01	1.015878e-04	-2.558925e-05	-4.699351e-01	-2.349932e-01	-2.349420e-01
3.44          	5.850100e-04	3.193964e-04	2.656136e-04	9.767938e-04	-2.304667e-01	2.314435e-01	-2.309551e-01	2.689137e-05	-9.438979e-05	-4.682843e-01	-2.342365e-01	-2.340478e-01
3.45001       	1.003090e-03	4.843707e-04	5.187192e-04	-1.983317e-05	-2.316797e-01	2.316598e-01	-2.316697e-01	-1.717429e-05	-6.608699e-05	-4.699204e-01	-2.350263e-01	-2.348941e-01
3.46          	5.761199e-04	1.867299e-04	3.893900e-04	-1.006739e-03	-2.321673e-01	2.311606e-01	-2.316639e-01	-1.013300e-04	2.673807e-05	-4.700776e-01	-2.350121e-01	-2.350655e-01
3.47          	-6.342132e-04	-3.377075e-04	-2.965057e-04	-9.596753e-04	-2.314264e-01	2.304667e-01	-2.309466e-01	-2.060086e-05	9.630568e-05	-4.682665e-01	-2.340369e-01	-2.342295e-01
3.48          	-1.002298e-03	-4.835268e-04	-5.187715e-04	6.337935e-05	-2.315818e-01	2.316452e-01	-2.316135e-01	1.762234e-05	6.366664e-05	-4.697815e-01	-2.348271e-01	-2.349544e-01
3.49002       	-5.408989e-04	-1.686574e-04	-3.722414e-04	1.023449e-03	-2.312243e-01	2.322477e-01	-2.317360e-01	1.017920e-04	-3.006915e-05	-4.702650e-01	-2.351626e-01	-2.351024e-01
3.5           	6.623118e-04	3.514031e-04	3.109087e-04	9.522260e-04	-2.305203e-01	2.314725e-01	-2.309964e-01	2.024719e-05	-1.022725e-04	-4.683677e-01	-2.342861e-01	-2.340816e-01
3.51001       	1.002721e-03	4.820529e-04	5.206679e-04	-1.120232e-04	-2.316311e-01	2.315191e-01	-2.315751e-01	-1.930747e-05	-6.106847e-05	-4.696712e-01	-2.348967e-01	-2.347745e-01
3.52          	5.089500e-04	1.519641e-04	3.569859e-04	-1.048255e-03	-2.322603e-01	2.312120e-01	-2.317362e-01	-1.025109e-04	3.619935e-05	-4.702978e-01	-2.351127e-01	-2.351851e-01
3.53          	-7.000476e-04	-3.656750e-04	-3.343726e-04	-9.304752e-04	-2.314614e-01	2.305309e-01	-2.309962e-01	-1.565120e-05	1.054027e-04	-4.683644e-01	-2.340768e-01	-2.342876e-01
3.54          	-9.990866e-04	-4.773656e-04	-5.217209e-04	1.587759e-04	-2.314219e-01	2.315806e-01	-2.315013e-01	2.217764e-05	5.771432e-05	-4.694962e-01	-2.346904e-01	-2.348058e-01
3.55002       	-4.639534e-04	-1.325234e-04	-3.314300e-04	1.063702e-03	-2.312245e-01	2.322882e-01	-2.317563e-01	9.945332e-05	-4.061730e-05	-4.703509e-01	-2.352161e-01	-2.351348e-01
3.56          	7.354588e-04	3.799699e-04	3.554889e-04	9.171603e-04	-2.305731e-01	2.314903e-01	-2.310317e-01	1.224053e-05	-1.102685e-04	-4.684439e-01	-2.343322e-01	-2.341117e-01
3.57001       	1.001877e-03	4.723413e-04	5.295352e-04	-1.946683e-04	-2.315463e-01	2.313516e-01	-2.314489e-01	-2.859697e-05	-5.786838e-05	-4.693716e-01	-2.347437e-01	-2.346279e-01
3.58          	4.275872e-04	1.147252e-04	3.128620e-04	-1.074332e-03	-2.322732e-01	2.311989e-01	-2.317360e-01	-9.906841e-05	4.356681e-05	-4.703062e-01	-2.351095e-01	-2.351967e-01
3.59001       	-7.879848e-04	-3.963278e-04	-3.916570e-04	-8.904707e-04	-2.315058e-01	2.306153e-01	-2.310605e-01	-2.335396e-06	1.105588e-04	-4.685145e-01	-2.341467e-01	-2.343678e-01
3.6           	-1.006039e-03	-4.662210e-04	-5.398183e-04	2.254506e-04	-2.312637e-01	2.314892e-01	-2.313764e-01	3.679867e-05	5.927533e-05	-4.692058e-01	-2.345436e-01	-2.346622e-01
3.61002       	-3.638747e-04	-8.934316e-05	-2.745315e-04	1.055818e-03	-2.312340e-01	2.322899e-01	-2.317619e-01	9.259419e-05	-3.837762e-05	-4.703415e-01	-2.352091e-01	-2.351324e-01
3.62          	8.202462e-04	4.089365e-04	4.113097e-04	8.613726e-04	-2.307078e-01	2.315691e-01	-2.311385e-01	-1.186573e-06	-1.112685e-04	-4.686970e-01	-2.344598e-01	-2.342373e-01
3.63          	1.020909e-03	4.614187e-04	5.594906e-04	-2.715367e-04	-2.314553e-01	2.311837e-01	-2.313195e-01	-4.903598e-05	-5.563381e-05	-4.690711e-01	-2.345912e-01	-2.344799e-01
3.64          	3.208848e-04	7.000947e-05	2.508753e-04	-1.046013e-03	-2.322661e-01	2.312201e-01	-2.317431e-01	-9.043294e-05	3.545466e-05	-4.702759e-01	-2.351025e-01	-2.351734e-01
3.65001       	-8.520156e-04	-4.198376e-04	-4.321780e-04	-8.390367e-04	-2.316066e-01	2.307676e-01	-2.311871e-01	6.170235e-06	1.123888e-04	-4.688163e-01	-2.342958e-01	-2.345206e-01
3.66          	-1.012541e-03	-4.505940e-04	-5.619471e-04	3.229566e-04	-2.310919e-01	2.314148e-01	-2.312534e-01	5.567653e-05	5.046967e-05	-4.689284e-01	-2.344137e-01	-2.345147e-01
3.67002       	-2.588801e-04	-4.749049e-05	-2.113896e-04	1.024527e-03	-2.312667e-01	2.322912e-01	-2.317790e-01	8.194957e-05	-2.674752e-05	-4.703259e-01	-2.351897e-01	-2.351362e-01
3.68          	8.761060e-04	4.300651e-04	4.460409e-04	8.162158e-04	-2.308477e-01	2.316639e-01	-2.312558e-01	-7.987867e-06	-1.130147e-04	-4.689869e-01	-2.346065e-01	-2.343804e-01
3.69          	1.008175e-03	4.408484e-04	5.673264e-04	-3.712709e-04	-2.313769e-01	2.310056e-01	-2.311913e-01	-6.323897e-05	-4.655068e-05	-4.687834e-01	-2.344383e-01	-2.343452e-01
3.7           	2.159027e-04	2.991497e-05	1.859878e-04	-1.010721e-03	-2.322588e-01	2.312481e-01	-2.317535e-01	-7.803640e-05	2.028505e-05	-4.702520e-01	-2.351057e-01	-2.351463e-01
3.71001       	-9.069244e-04	-4.410503e-04	-4.658741e-04	-7.803847e-04	-2.316934e-01	2.309130e-01	-2.313032e-01	1.241189e-05	1.093896e-04	-4.691242e-01	-2.344527e-01	-2.346715e-01
3.72          	-9.984950e-04	-4.296478e-04	-5.688472e-04	4.054131e-04	-2.309178e-01	2.313232e-01	-2.311205e-01	6.959971e-05	4.606905e-05	-4.686170e-01	-2.342624e-01	-2.343546e-01
3.73002       	-1.621596e-04	-8.001875e-06	-1.541577e-04	9.923267e-04	-2.312748e-01	2.322671e-01	-2.317710e-01	7.307793e-05	-1.370877e-05	-4.702636e-01	-2.351455e-01	-2.351181e-01
3.74          	9.293883e-04	4.503137e-04	4.790746e-04	7.307855e-04	-2.310149e-01	2.317457e-01	-2.313803e-01	-1.438048e-05	-1.035868e-04	-4.693276e-01	-2.347674e-01	-2.345602e-01
3.75          	9.844182e-04	4.180245e-04	5.663936e-04	-4.456940e-04	-2.312879e-01	2.308423e-01	-2.310651e-01	-7.418454e-05	-4.400423e-05	-4.684818e-01	-2.342849e-01	-2.341969e-01
3.76          	1.328303e-04	-7.445304e-06	1.402756e-04	-9.936947e-04	-2.322304e-01	2.312367e-01	-2.317335e-01	-7.386046e-05	1.286049e-05	-4.701613e-01	-2.350678e-01	-2.350935e-01
3.77002       	-9.571740e-04	-4.593107e-04	-4.978632e-04	-6.894511e-04	-2.317860e-01	2.310965e-01	-2.314412e-01	1.927626e-05	1.003040e-04	-4.694965e-01	-2.346479e-01	-2.348485e-01
3.78          	-9.899053e-04	-4.112310e-04	-5.786743e-04	4.840584e-04	-2.307733e-01	2.312573e-01	-2.310153e-01	8.372162e-05	4.086174e-05	-4.683846e-01	-2.341514e-01	-2.342332e-01
3.79002       	-7.737799e-05	3.084772e-05	-1.082257e-04	9.876065e-04	-2.312424e-01	2.322300e-01	-2.317362e-01	6.953671e-05	-1.099962e-05	-4.701320e-01	-2.350770e-01	-2.350550e-01
3.8           	9.717547e-04	4.641493e-04	5.076053e-04	6.526474e-04	-2.311607e-01	2.318134e-01	-2.314871e-01	-2.172801e-05	-9.931403e-05	-4.696334e-01	-2.349160e-01	-2.347174e-01
3.81          	9.940491e-04	4.055601e-04	5.884890e-04	-5.274150e-04	-2.312559e-01	2.307285e-01	-2.309922e-01	-9.146442e-05	-3.478770e-05	-4.683276e-01	-2.341986e-01	-2.341290e-01
3.82          	3.340766e-05	-5.025230e-05	8.365995e-05	-9.916863e-04	-2.321901e-01	2.311984e-01	-2.316942e-01	-6.695613e-05	1.294588e-05	-4.700136e-01	-2.349939e-01	-2.350198e-01
3.83002       	-9.929258e-04	-4.718028e-04	-5.211230e-04	-6.135706e-04	-2.318980e-01	2.312845e-01	-2.315912e-01	2.466012e-05	9.975168e-05	-4.698906e-01	-2.348456e-01	-2.350451e-01
3.84          	-9.847531e-04	-3.978003e-04	-5.869528e-04	5.661074e-04	-2.306877e-01	2.312538e-01	-2.309707e-01	9.457623e-05	3.025554e-05	-4.683059e-01	-2.341227e-01	-2.341832e-01
3.85001       	6.961071e-06	7.007764e-05	-6.311657e-05	1.001858e-03	-2.311776e-01	2.321795e-01	-2.316786e-01	6.659711e-05	-1.673301e-05	-4.699485e-01	-2.349910e-01	-2.349575e-01
3.86          	1.004574e-03	4.758658e-04	5.287085e-04	5.895375e-04	-2.313473e-01	2.319369e-01	-2.316421e-01	-2.642138e-05	-1.022590e-04	-4.700236e-01	-2.351141e-01	-2.349095e-01
3.87          	9.609453e-04	3.858613e-04	5.750841e-04	-6.248713e-04	-2.312496e-01	2.306248e-01	-2.309372e-01	-9.461140e-05	-2.085571e-05	-4.682452e-01	-2.341434e-01	-2.341017e-01
3.88          	-5.191211e-05	-8.962316e-05	3.771105e-05	-1.003700e-03	-2.321279e-01	2.311242e-01	-2.316261e-01	-6.366711e-05	1.753159e-05	-4.698162e-01	-2.348906e-01	-2.349256e-01
3.89002       	-1.016850e-03	-4.800088e-04	-5.368416e-04	-5.470401e-04	-2.320027e-01	2.314557e-01	-2.317292e-01	2.841641e-05	1.005019e-04	-4.702395e-01	-2.350192e-01	-2.352202e-01
3.9           	-9.561967e-04	-3.773012e-04	-5.788955e-04	6.499423e-04	-2.306644e-01	2.313144e-01	-2.309894e-01	1.007971e-04	2.165251e-05	-4.683550e-01	-2.341558e-01	-2.341991e-01
3.91001       	9.461166e-05	1.099909e-04	-1.537927e-05	1.005282e-03	-2.310860e-01	2.320913e-01	-2.315887e-01	6.268510e-05	-1.950499e-05	-4.697061e-01	-2.348726e-01	-2.348336e-01
3.92          	1.040140e-03	4.860517e-04	5.540879e-04	5.219425e-04	-2.314683e-01	2.319903e-01	-2.317293e-01	-3.401806e-05	-1.029840e-04	-4.702755e-01	-2.352408e-01	-2.350348e-01
3.93          	9.360319e-04	3.639687e-04	5.720632e-04	-6.901405e-04	-2.313362e-01	2.306460e-01	-2.309911e-01	-1.040472e-04	-1.653011e-05	-4.683538e-01	-2.341934e-01	-2.341604e-01
3.94          	-1.458922e-04	-1.312154e-04	-1.467675e-05	-9.991247e-04	-2.320219e-01	2.310228e-01	-2.315223e-01	-5.826934e-05	2.095167e-05	-4.695457e-01	-2.347519e-01	-2.347938e-01
3.95002       	-1.062139e-03	-4.904781e-04	-5.716612e-04	-4.727750e-04	-2.319935e-01	2.315207e-01	-2.317571e-01	4.059153e-05	9.944649e-05	-4.703503e-01	-2.350757e-01	-2.352746e-01
3.96          	-9.235010e-04	-3.519370e-04	-5.715641e-04	7.242106e-04	-2.306623e-01	2.313865e-01	-2.310244e-01	1.098135e-04	1.372817e-05	-4.684274e-01	-2.342000e-01	-2.342274e-01
3.97001       	1.856293e-04	1.502880e-04	3.534128e-05	1.000652e-03	-2.309659e-01	2.319666e-01	-2.314662e-01	5.747335e-05	-2.611403e-05	-4.694120e-01	-2.347321e-01	-2.346799e-01
3.98          	1.075202e-03	4.940700e-04	5.811316e-04	4.424933e-04	-2.315169e-01	2.319593e-01	-2.317381e-01	-4.353081e-05	-1.001728e-04	-4.703124e-01	-2.352564e-01	-2.350560e-01
3.99001       	8.983060e-04	3.388257e-04	5.594804e-04	-7.722848e-04	-2.314292e-01	2.306569e-01	-2.310430e-01	-1.103273e-04	-5.215741e-06	-4.684748e-01	-2.342426e-01	-2.342322e-01
4             	-2.159974e-04	-1.667946e-04	-4.920277e-05	-1.005339e-03	-2.318990e-01	2.308936e-01	-2.313963e-01	-5.879592e-05	3.476071e-05	-4.692500e-01	-2.345902e-01	-2.346597e-01
4.01002       	-1.060507e-03	-4.902741e-04	-5.702329e-04	-3.795307e-04	-2.319529e-01	2.315734e-01	-2.317631e-01	3.997941e-05	9.375275e-05	-4.703505e-01	-2.350815e-01	-2.352690e-01
4.02          	-8.711219e-04	-3.240629e-04	-5.470591e-04	8.108829e-04	-2.307128e-01	2.315237e-01	-2.311183e-01	1.114981e-04	-9.031942e-08	-4.686478e-01	-2.343240e-01	-2.343238e-01
4.03001       	2.570493e-04	1.854723e-04	7.157708e-05	1.016898e-03	-2.308293e-01	2.318462e-01	-2.313377e-01	5.694759e-05	-4.536953e-05	-4.691113e-01	-2.346010e-01	-2.345103e-01
4.04          	1.050573e-03	4.882866e-04	5.622868e-04	3.371207e-04	-2.315698e-01	2.319070e-01	-2.317384e-01	-3.700013e-05	-9.201178e-05	-4.702737e-01	-2.352289e-01	-2.350448e-01
4.05001       	8.457126e-04	3.108841e-04	5.348285e-04	-8.426501e-04	-2.315911e-01	2.307484e-01	-2.311697e-01	-1.119722e-04	4.834079e-06	-4.687753e-01	-2.343828e-01	-2.343925e-01
4.06          	-3.074238e-04	-2.055790e-04	-1.018448e-04	-1.015369e-03	-2.317785e-01	2.307631e-01	-2.312708e-01	-5.186709e-05	5.364026e-05	-4.689683e-01	-2.344305e-01	-2.345378e-01
4.07002       	-1.027943e-03	-4.852863e-04	-5.426567e-04	-2.731697e-04	-2.319142e-01	2.316410e-01	-2.317776e-01	2.868522e-05	8.338324e-05	-4.703302e-01	-2.350817e-01	-2.352485e-01
4.08          	-8.243731e-04	-2.988732e-04	-5.254999e-04	8.669880e-04	-2.308050e-01	2.316720e-01	-2.312385e-01	1.133134e-04	-6.887041e-06	-4.689392e-01	-2.344765e-01	-2.344627e-01
4.09          	3.567004e-04	2.261473e-04	1.305531e-04	1.007005e-03	-2.307088e-01	2.317158e-01	-2.312123e-01	4.779713e-05	-6.043516e-05	-4.688334e-01	-2.344771e-01	-2.343562e-01
4.1           	1.020106e-03	4.858413e-04	5.342648e-04	2.331098e-04	-2.316361e-01	2.318692e-01	-2.317527e-01	-2.421176e-05	-7.985542e-05	-4.702515e-01	-2.352056e-01	-2.350459e-01
4.11001       	7.937380e-04	2.858337e-04	5.079043e-04	-8.980881e-04	-2.317342e-01	2.308361e-01	-2.312851e-01	-1.110353e-04	1.113505e-05	-4.690746e-01	-2.345262e-01	-2.345484e-01
4.12          	-3.937130e-04	-2.432264e-04	-1.504865e-04	-1.002289e-03	-2.316403e-01	2.306380e-01	-2.311392e-01	-4.636995e-05	6.806046e-05	-4.686632e-01	-2.342635e-01	-2.343997e-01
4.13002       	-9.939692e-04	-4.824126e-04	-5.115565e-04	-1.743779e-04	-2.318624e-01	2.316880e-01	-2.317752e-01	1.457194e-05	7.348826e-05	-4.702789e-01	-2.350660e-01	-2.352129e-01
4.14          	-7.466259e-04	-2.677647e-04	-4.788613e-04	9.236284e-04	-2.308967e-01	2.318203e-01	-2.313585e-01	1.055483e-04	-1.388119e-05	-4.692690e-01	-2.346484e-01	-2.346206e-01
4.15          	4.327390e-04	2.613169e-04	1.714220e-04	9.875200e-04	-2.305903e-01	2.315778e-01	-2.310841e-01	4.494743e-05	-7.255152e-05	-4.685246e-01	-2.343348e-01	-2.341897e-01
4.16          	9.920203e-04	4.834913e-04	5.085290e-04	1.419938e-04	-2.316675e-01	2.318095e-01	-2.317385e-01	-1.251882e-05	-7.366990e-05	-4.701805e-01	-2.351639e-01	-2.350166e-01
4.17002       	7.001771e-04	2.492143e-04	4.509628e-04	-9.482931e-04	-2.318969e-01	2.309486e-01	-2.314228e-01	-1.008742e-04	1.766287e-05	-4.694463e-01	-2.347055e-01	-2.347408e-01
4.18          	-4.726407e-04	-2.782150e-04	-1.944257e-04	-9.883561e-04	-2.315175e-01	2.305291e-01	-2.310233e-01	-4.189466e-05	8.075680e-05	-4.683996e-01	-2.341190e-01	-2.342805e-01
4.19002       	-9.886940e-04	-4.828777e-04	-5.058163e-04	-9.484134e-05	-2.317878e-01	2.316930e-01	-2.317404e-01	1.146928e-05	7.131791e-05	-4.701516e-01	-2.350045e-01	-2.351471e-01
4.2           	-6.664623e-04	-2.331686e-04	-4.332937e-04	9.676639e-04	-2.309785e-01	2.319462e-01	-2.314624e-01	1.000625e-04	-2.142943e-05	-4.695713e-01	-2.348071e-01	-2.347642e-01
4.21          	5.092302e-04	2.925273e-04	2.167030e-04	9.903956e-04	-2.305056e-01	2.314960e-01	-2.310008e-01	3.791213e-05	-8.894884e-05	-4.683439e-01	-2.342609e-01	-2.340830e-01
4.22          	9.894029e-04	4.827921e-04	5.066108e-04	4.592352e-05	-2.316798e-01	2.317257e-01	-2.317027e-01	-1.190938e-05	-6.742646e-05	-4.700408e-01	-2.350878e-01	-2.349530e-01
4.23002       	6.267249e-04	2.130089e-04	4.137160e-04	-9.889154e-04	-2.320615e-01	2.310726e-01	-2.315670e-01	-1.003535e-04	2.420586e-05	-4.698294e-01	-2.348905e-01	-2.349389e-01
4.24          	-5.571405e-04	-3.086687e-04	-2.484718e-04	-9.883227e-04	-2.314576e-01	2.304693e-01	-2.309634e-01	-3.009847e-05	9.353994e-05	-4.682812e-01	-2.340471e-01	-2.342342e-01
4.25001       	-1.002320e-03	-4.847534e-04	-5.175669e-04	-1.074092e-05	-2.316931e-01	2.316824e-01	-2.316877e-01	1.640673e-05	6.791730e-05	-4.699698e-01	-2.349170e-01	-2.350528e-01
4.26          	-5.954633e-04	-1.967615e-04	-3.987018e-04	1.001056e-03	-2.311233e-01	2.321244e-01	-2.316239e-01	1.009702e-04	-2.589841e-05	-4.699798e-01	-2.350158e-01	-2.349640e-01
4.27          	6.091801e-04	3.278992e-04	2.812809e-04	9.651330e-04	-2.304381e-01	2.314033e-01	-2.309207e-01	2.330915e-05	-9.409653e-05	-4.682145e-01	-2.342013e-01	-2.340131e-01
4.28          	1.007165e-03	4.856301e-04	5.215346e-04	-3.508238e-05	-2.316534e-01	2.316183e-01	-2.316359e-01	-1.795226e-05	-6.477352e-05	-4.698392e-01	-2.349844e-01	-2.348548e-01
4.29002       	5.598314e-04	1.786638e-04	3.811676e-04	-1.013242e-03	-2.322177e-01	2.312045e-01	-2.317111e-01	-1.012519e-04	2.785109e-05	-4.701873e-01	-2.350658e-01	-2.351215e-01
4.3           	-6.426695e-04	-3.424701e-04	-3.001995e-04	-9.595694e-04	-2.314576e-01	2.304980e-01	-2.309778e-01	-2.113529e-05	9.885004e-05	-4.683262e-01	-2.340642e-01	-2.342619e-01
4.31001       	-1.009430e-03	-4.846211e-04	-5.248092e-04	7.860579e-05	-2.315606e-01	2.316392e-01	-2.315999e-01	2.009404e-05	6.367553e-05	-4.697293e-01	-2.348010e-01	-2.349283e-01
4.32          	-5.302323e-04	-1.630069e-04	-3.672254e-04	1.031199e-03	-2.312134e-01	2.322446e-01	-2.317290e-01	1.021092e-04	-3.178804e-05	-4.702685e-01	-2.351660e-01	-2.351024e-01
4.33          	6.771734e-04	3.571263e-04	3.200472e-04	9.424532e-04	-2.305180e-01	2.314604e-01	-2.309892e-01	1.853955e-05	-1.035048e-04	-4.683547e-01	-2.342808e-01	-2.340738e-01
4.34          	9.981670e-04	4.804057e-04	5.177612e-04	-1.308275e-04	-2.316065e-01	2.314757e-01	-2.315411e-01	-1.867775e-05	-5.933161e-05	-4.695891e-01	-2.348539e-01	-2.347352e-01
4.35002       	4.955405e-04	1.450028e-04	3.505377e-04	-1.062246e-03	-2.322848e-01	2.312225e-01	-2.317536e-01	-1.027674e-04	4.032373e-05	-4.703368e-01	-2.351281e-01	-2.352087e-01
4.36          	-7.143124e-04	-3.715822e-04	-3.427302e-04	-9.283798e-04	-2.314785e-01	2.305502e-01	-2.310144e-01	-1.442598e-05	1.082175e-04	-4.684003e-01	-2.340920e-01	-2.343084e-01
4.37001       	-1.002918e-03	-4.769022e-04	-5.260153e-04	1.734990e-04	-2.313942e-01	2.315677e-01	-2.314810e-01	2.455653e-05	5.768131e-05	-4.694392e-01	-2.346619e-01	-2.347773e-01
4.38          	-4.505723e-04	-1.260327e-04	-3.245396e-04	1.070001e-03	-2.312082e-01	2.322782e-01	-2.317432e-01	9.925347e-05	-4.218569e-05	-4.703275e-01	-2.352059e-01	-2.351216e-01
4.39001       	7.538142e-04	3.860082e-04	3.678060e-04	9.070072e-04	-2.305785e-01	2.314855e-01	-2.310320e-01	9.101073e-06	-1.106837e-04	-4.684526e-01	-2.343370e-01	-2.341156e-01
4.4           	1.005582e-03	4.705434e-04	5.350382e-04	-2.062138e-04	-2.315156e-01	2.313094e-01	-2.314125e-01	-3.224737e-05	-5.781656e-05	-4.692817e-01	-2.346987e-01	-2.345830e-01
4.41002       	4.037108e-04	1.045479e-04	2.991629e-04	-1.068989e-03	-2.322979e-01	2.312289e-01	-2.317634e-01	-9.730751e-05	4.239483e-05	-4.703532e-01	-2.351342e-01	-2.352190e-01
4.42          	-8.042375e-04	-4.020096e-04	-4.022279e-04	-8.801625e-04	-2.315356e-01	2.306554e-01	-2.310955e-01	1.091739e-07	1.108673e-04	-4.685888e-01	-2.341835e-01	-2.344053e-01
4.43001       	-1.016443e-03	-4.659067e-04	-5.505363e-04	2.436584e-04	-2.312313e-01	2.314749e-01	-2.313531e-01	4.231484e-05	5.757654e-05	-4.691388e-01	-2.345118e-01	-2.346270e-01
4.44          	-3.466003e-04	-8.183919e-05	-2.647611e-04	1.050851e-03	-2.312124e-01	2.322632e-01	-2.317378e-01	9.146094e-05	-3.735127e-05	-4.702837e-01	-2.351792e-01	-2.351045e-01
4.45001       	8.310723e-04	4.130841e-04	4.179882e-04	8.525173e-04	-2.307299e-01	2.315824e-01	-2.311562e-01	-2.452043e-06	-1.120671e-04	-4.687475e-01	-2.344858e-01	-2.342617e-01
4.46          	1.021624e-03	4.586285e-04	5.629954e-04	-2.929161e-04	-2.314324e-01	2.311395e-01	-2.312860e-01	-5.218347e-05	-5.255667e-05	-4.689936e-01	-2.345494e-01	-2.344443e-01
4.47002       	2.959611e-04	6.058457e-05	2.353766e-04	-1.035999e-03	-2.322900e-01	2.312540e-01	-2.317720e-01	-8.739599e-05	3.161406e-05	-4.703228e-01	-2.351298e-01	-2.351930e-01
4.48          	-8.611824e-04	-4.233488e-04	-4.378336e-04	-8.322344e-04	-2.316336e-01	2.308014e-01	-2.312175e-01	7.242432e-06	1.129822e-04	-4.688804e-01	-2.343272e-01	-2.345532e-01
4.49          	-1.012172e-03	-4.475118e-04	-5.646602e-04	3.454892e-04	-2.310569e-01	2.314024e-01	-2.312296e-01	5.857420e-05	4.761813e-05	-4.688651e-01	-2.343850e-01	-2.344802e-01
4.5           	-2.439176e-04	-4.136772e-05	-2.025499e-04	1.021399e-03	-2.312459e-01	2.322673e-01	-2.317566e-01	8.059110e-05	-2.526117e-05	-4.702720e-01	-2.351613e-01	-2.351108e-01
4.51001       	8.889630e-04	4.349661e-04	4.539969e-04	8.034917e-04	-2.308697e-01	2.316732e-01	-2.312715e-01	-9.515390e-06	-1.122689e-04	-4.690401e-01	-2.346323e-01	-2.344078e-01
4.52          	1.006708e-03	4.374166e-04	5.692915e-04	-3.866122e-04	-2.313497e-01	2.309631e-01	-2.311564e-01	-6.593744e-05	-4.524390e-05	-4.686981e-01	-2.343943e-01	-2.343038e-01
4.53002       	1.933506e-04	2.062399e-05	1.727266e-04	-1.002914e-03	-2.322759e-01	2.312730e-01	-2.317745e-01	-7.605133e-05	1.733356e-05	-4.702802e-01	-2.351228e-01	-2.351574e-01
4.54          	-9.184336e-04	-4.451752e-04	-4.732584e-04	-7.641376e-04	-2.317164e-01	2.309523e-01	-2.313343e-01	1.404163e-05	1.077452e-04	-4.692014e-01	-2.344930e-01	-2.347085e-01
4.55          	-9.924005e-04	-4.256246e-04	-5.667759e-04	4.247860e-04	-2.308859e-01	2.313107e-01	-2.310983e-01	7.057566e-05	4.423953e-05	-4.685522e-01	-2.342318e-01	-2.343203e-01
4.56          	-1.473825e-04	-1.036998e-06	-1.463455e-04	9.889609e-04	-2.312523e-01	2.322412e-01	-2.317468e-01	7.265426e-05	-1.205698e-05	-4.702107e-01	-2.351174e-01	-2.350933e-01
4.57002       	9.368865e-04	4.531396e-04	4.837469e-04	7.086513e-04	-2.310520e-01	2.317606e-01	-2.314063e-01	-1.530362e-05	-1.009648e-04	-4.694038e-01	-2.348028e-01	-2.346009e-01
4.58          	9.850657e-04	4.153589e-04	5.697067e-04	-4.636613e-04	-2.312643e-01	2.308006e-01	-2.310324e-01	-7.717390e-05	-4.174619e-05	-4.684099e-01	-2.342467e-01	-2.341632e-01
4.59002       	1.153405e-04	-1.590969e-05	1.312502e-04	-9.954876e-04	-2.322409e-01	2.312454e-01	-2.317432e-01	-7.357995e-05	1.340542e-05	-4.701610e-01	-2.350671e-01	-2.350939e-01
4.6           	-9.623752e-04	-4.609246e-04	-5.014506e-04	-6.739108e-04	-2.317794e-01	2.311055e-01	-2.314424e-01	2.026297e-05	9.919594e-05	-4.695236e-01	-2.346626e-01	-2.348610e-01
4.61          	-9.883184e-04	-4.072864e-04	-5.810320e-04	4.970742e-04	-2.307650e-01	2.312620e-01	-2.310135e-01	8.687280e-05	3.985057e-05	-4.683784e-01	-2.341494e-01	-2.342291e-01
4.62          	-6.539846e-05	3.631677e-05	-1.017152e-04	9.923444e-04	-2.312112e-01	2.322036e-01	-2.317074e-01	6.901600e-05	-1.252466e-05	-4.700539e-01	-2.350395e-01	-2.350144e-01
4.63002       	9.835815e-04	4.684454e-04	5.151361e-04	6.393797e-04	-2.312213e-01	2.318606e-01	-2.315410e-01	-2.334538e-05	-1.006414e-04	-4.697601e-01	-2.349807e-01	-2.347794e-01
4.64          	9.897772e-04	4.019187e-04	5.878585e-04	-5.447486e-04	-2.312497e-01	2.307049e-01	-2.309773e-01	-9.296986e-05	-3.254942e-05	-4.683120e-01	-2.341886e-01	-2.341235e-01
4.65001       	1.673499e-05	-5.862366e-05	7.535866e-05	-9.949247e-04	-2.321948e-01	2.311999e-01	-2.316973e-01	-6.699116e-05	1.429157e-05	-4.700068e-01	-2.349891e-01	-2.350177e-01
4.66          	-1.000643e-03	-4.740051e-04	-5.266379e-04	-6.081122e-04	-2.318992e-01	2.312911e-01	-2.315952e-01	2.631639e-05	1.017062e-04	-4.699073e-01	-2.348519e-01	-2.350553e-01
4.67          	-9.758704e-04	-3.936483e-04	-5.822221e-04	5.934103e-04	-2.306617e-01	2.312551e-01	-2.309584e-01	9.428688e-05	2.494767e-05	-4.682823e-01	-2.341162e-01	-2.341661e-01
4.68          	2.210881e-05	7.686657e-05	-5.475776e-05	1.005490e-03	-2.311481e-01	2.321536e-01	-2.316508e-01	6.581216e-05	-1.829098e-05	-4.698790e-01	-2.349578e-01	-2.349212e-01
4.69002       	1.003906e-03	4.763591e-04	5.275469e-04	5.628234e-04	-2.314144e-01	2.319773e-01	-2.316958e-01	-2.559388e-05	-9.901406e-05	-4.701502e-01	-2.351741e-01	-2.349761e-01
4.7           	9.588082e-04	3.823027e-04	5.765055e-04	-6.333758e-04	-2.312921e-01	2.306588e-01	-2.309754e-01	-9.710137e-05	-2.201244e-05	-4.683297e-01	-2.341868e-01	-2.341428e-01
4.71001       	-6.857704e-05	-9.800556e-05	2.942852e-05	-1.004653e-03	-2.321209e-01	2.311162e-01	-2.316185e-01	-6.371704e-05	1.878980e-05	-4.697831e-01	-2.348727e-01	-2.349103e-01
4.72          	-1.027117e-03	-4.823646e-04	-5.447529e-04	-5.459479e-04	-2.319894e-01	2.314435e-01	-2.317164e-01	3.119418e-05	1.037045e-04	-4.702252e-01	-2.350089e-01	-2.352163e-01
4.73          	-9.495542e-04	-3.725347e-04	-5.770194e-04	6.694035e-04	-2.306439e-01	2.313133e-01	-2.309786e-01	1.022424e-04	1.847679e-05	-4.683283e-01	-2.341457e-01	-2.341826e-01
4.74          	1.167731e-04	1.188966e-04	-2.123491e-06	9.990688e-04	-2.310611e-01	2.320602e-01	-2.315607e-01	6.051006e-05	-1.828756e-05	-4.696447e-01	-2.348407e-01	-2.348041e-01
4.75002       	1.050263e-03	4.882189e-04	5.620437e-04	4.980519e-04	-2.315082e-01	2.320062e-01	-2.317572e-01	-3.691243e-05	-1.009394e-04	-4.703439e-01	-2.352729e-01	-2.350710e-01
4.76          	9.297047e-04	3.584840e-04	5.712207e-04	-7.000460e-04	-2.313647e-01	2.306647e-01	-2.310147e-01	-1.063683e-04	-1.660990e-05	-4.684042e-01	-2.342187e-01	-2.341855e-01
4.77001       	-1.645811e-04	-1.398755e-04	-2.470559e-05	-9.984722e-04	-2.320030e-01	2.310046e-01	-2.315038e-01	-5.758494e-05	2.212587e-05	-4.694999e-01	-2.347278e-01	-2.347721e-01
4.78          	-1.067960e-03	-4.922324e-04	-5.757279e-04	-4.679317e-04	-2.319735e-01	2.315055e-01	-2.317395e-01	4.174775e-05	1.010727e-04	-4.703156e-01	-2.350567e-01	-2.352589e-01
4.79001       	-9.139659e-04	-3.470831e-04	-5.668827e-04	7.423871e-04	-2.306473e-01	2.313897e-01	-2.310185e-01	1.098998e-04	1.046195e-05	-4.684168e-01	-2.341980e-01	-2.342189e-01
4.8           	1.968085e-04	1.562476e-04	4.056091e-05	1.002407e-03	-2.309334e-01	2.319358e-01	-2.314346e-01	5.784335e-05	-2.976897e-05	-4.693405e-01	-2.347000e-01	-2.346405e-01
