# Force and moment coefficients
# dragDir     : (1.000000e+00 0.000000e+00 0.000000e+00)
# sideDir     : (0.000000e+00 1.000000e+00 0.000000e+00)
# liftDir     : (0.000000e+00 0.000000e+00 1.000000e+00)
# rollAxis    : (1.000000e+00 0.000000e+00 0.000000e+00)
# pitchAxis   : (0.000000e+00 1.000000e+00 0.000000e+00)
# yawAxis     : (0.000000e+00 0.000000e+00 1.000000e+00)
# magUInf     : 6.000000e+00
# lRef        : 4.360000e-01
# Aref        : 1.490000e-01
# CofR        : (0.000000e+00 0.000000e+00 0.000000e+00)
#
# Time        	Cd            	Cd(f)         	Cd(r)         	Cl            	Cl(f)         	Cl(r)         	CmPitch       	CmRoll        	CmYaw         	Cs            	Cs(f)         	Cs(r)         
0.00999452    	3.762877e-04	2.455572e-04	1.307305e-04	-2.050518e-05	-2.409288e-01	2.409083e-01	-2.409185e-01	5.741335e-05	-8.974060e-06	-5.147118e-01	-2.573649e-01	-2.573469e-01
0.02          	5.128318e-04	1.882382e-04	3.245936e-04	-6.624186e-04	-2.427688e-01	2.421064e-01	-2.424376e-01	-6.817773e-05	-1.512824e-05	-5.067077e-01	-2.533690e-01	-2.533387e-01
0.0300118     	-3.830510e-04	-2.296864e-04	-1.533646e-04	-7.658839e-04	-2.362416e-01	2.354757e-01	-2.358586e-01	-3.816087e-05	3.600330e-05	-4.888309e-01	-2.443795e-01	-2.444515e-01
0.04          	-7.837558e-04	-3.981280e-04	-3.856278e-04	-7.476888e-05	-2.355151e-01	2.354404e-01	-2.354778e-01	-6.250062e-06	5.467793e-05	-4.847908e-01	-2.423407e-01	-2.424501e-01
0.050015      	-5.038178e-04	-1.881128e-04	-3.157050e-04	7.595635e-04	-2.340348e-01	2.347944e-01	-2.344146e-01	6.379611e-05	8.933022e-06	-4.800598e-01	-2.400210e-01	-2.400388e-01
0.06          	4.638091e-04	2.720021e-04	1.918069e-04	7.390166e-04	-2.328977e-01	2.336367e-01	-2.332672e-01	4.009761e-05	-3.454994e-05	-4.755871e-01	-2.378281e-01	-2.377590e-01
0.0700162     	8.707389e-04	4.360539e-04	4.346849e-04	1.767355e-06	-2.332875e-01	2.332892e-01	-2.332884e-01	6.845160e-07	-5.170908e-05	-4.749420e-01	-2.375227e-01	-2.374193e-01
0.08          	5.615471e-04	2.042489e-04	3.572982e-04	-8.492486e-04	-2.331669e-01	2.323177e-01	-2.327423e-01	-7.652467e-05	1.307370e-07	-4.732742e-01	-2.366370e-01	-2.366373e-01
0.0900033     	-4.194373e-04	-2.609720e-04	-1.584653e-04	-8.062988e-04	-2.325427e-01	2.317364e-01	-2.321396e-01	-5.125331e-05	4.959808e-05	-4.713660e-01	-2.356334e-01	-2.357326e-01
0.1           	-7.809885e-04	-4.085877e-04	-3.724008e-04	-6.014324e-05	-2.325858e-01	2.325256e-01	-2.325557e-01	-1.809342e-05	6.490176e-05	-4.723294e-01	-2.360998e-01	-2.362296e-01
0.110023      	-4.096340e-04	-1.495568e-04	-2.600772e-04	8.128127e-04	-2.317613e-01	2.325741e-01	-2.321677e-01	5.526023e-05	3.124675e-06	-4.715001e-01	-2.357469e-01	-2.357532e-01
0.12          	6.160607e-04	3.274997e-04	2.885610e-04	7.160724e-04	-2.312161e-01	2.319322e-01	-2.315742e-01	1.946931e-05	-4.151360e-05	-4.699102e-01	-2.349966e-01	-2.349136e-01
0.129986      	9.841026e-04	4.779644e-04	5.061382e-04	-1.613809e-04	-2.322427e-01	2.320813e-01	-2.321620e-01	-1.408692e-05	-3.138289e-05	-4.713148e-01	-2.356888e-01	-2.356260e-01
0.14          	5.735105e-04	1.931582e-04	3.803524e-04	-1.070134e-03	-2.324282e-01	2.313581e-01	-2.318931e-01	-9.359711e-05	4.085069e-05	-4.708293e-01	-2.353738e-01	-2.354555e-01
0.150012      	-6.431433e-04	-3.368779e-04	-3.062654e-04	-9.653322e-04	-2.316763e-01	2.307110e-01	-2.311936e-01	-1.530626e-05	8.922233e-05	-4.690513e-01	-2.344364e-01	-2.346149e-01
0.16          	-1.046983e-03	-4.991936e-04	-5.477897e-04	3.776047e-05	-2.318283e-01	2.318661e-01	-2.318472e-01	2.429802e-05	5.898671e-05	-4.705520e-01	-2.352170e-01	-2.353350e-01
0.169977      	-6.674293e-04	-2.190152e-04	-4.484141e-04	1.090259e-03	-2.312015e-01	2.322918e-01	-2.317467e-01	1.146994e-04	-4.433592e-05	-4.704558e-01	-2.352722e-01	-2.351835e-01
0.18          	5.508993e-04	3.077207e-04	2.431786e-04	1.058581e-03	-2.305048e-01	2.315634e-01	-2.310341e-01	3.227109e-05	-1.114448e-04	-4.686469e-01	-2.344349e-01	-2.342120e-01
0.189983      	9.458357e-04	4.649198e-04	4.809159e-04	7.044472e-05	-2.316887e-01	2.317591e-01	-2.317239e-01	-7.998019e-06	-8.546770e-05	-4.701872e-01	-2.351791e-01	-2.350082e-01
0.2           	5.223586e-04	1.673216e-04	3.550370e-04	-9.261459e-04	-2.322387e-01	2.313125e-01	-2.317756e-01	-9.385773e-05	1.106028e-05	-4.704630e-01	-2.352205e-01	-2.352426e-01
0.210005      	-6.618502e-04	-3.488312e-04	-3.130190e-04	-8.916349e-04	-2.314567e-01	2.305651e-01	-2.310109e-01	-1.790612e-05	8.622526e-05	-4.685276e-01	-2.341776e-01	-2.343500e-01
0.22          	-1.022957e-03	-4.883494e-04	-5.346079e-04	1.130994e-04	-2.315875e-01	2.317006e-01	-2.316440e-01	2.312923e-05	5.629557e-05	-4.699174e-01	-2.349024e-01	-2.350150e-01
0.230023      	-5.453289e-04	-1.666426e-04	-3.786863e-04	1.052360e-03	-2.312619e-01	2.323143e-01	-2.317881e-01	1.060219e-04	-3.617152e-05	-4.704623e-01	-2.352673e-01	-2.351950e-01
0.24          	6.642985e-04	3.529192e-04	3.113794e-04	9.518587e-04	-2.305534e-01	2.315052e-01	-2.310293e-01	2.076988e-05	-1.054271e-04	-4.685073e-01	-2.343591e-01	-2.341482e-01
0.249978      	9.916620e-04	4.781366e-04	5.135254e-04	-1.239568e-04	-2.316454e-01	2.315215e-01	-2.315834e-01	-1.769441e-05	-6.061138e-05	-4.697284e-01	-2.349248e-01	-2.348036e-01
0.26          	4.946237e-04	1.453625e-04	3.492612e-04	-1.065865e-03	-2.323161e-01	2.312502e-01	-2.317831e-01	-1.019494e-04	4.055770e-05	-4.704402e-01	-2.351796e-01	-2.352607e-01
0.270005      	-7.159555e-04	-3.716907e-04	-3.442648e-04	-9.413641e-04	-2.314890e-01	2.305477e-01	-2.310184e-01	-1.371296e-05	1.106984e-04	-4.684511e-01	-2.341149e-01	-2.343363e-01
0.28          	-1.001863e-03	-4.768109e-04	-5.250516e-04	1.559564e-04	-2.314199e-01	2.315759e-01	-2.314979e-01	2.412034e-05	6.072590e-05	-4.695179e-01	-2.346982e-01	-2.348197e-01
0.290022      	-4.591648e-04	-1.283696e-04	-3.307952e-04	1.050061e-03	-2.312508e-01	2.323009e-01	-2.317759e-01	1.012128e-04	-3.843015e-05	-4.704159e-01	-2.352464e-01	-2.351695e-01
0.3           	7.411899e-04	3.813793e-04	3.598106e-04	8.917914e-04	-2.305993e-01	2.314911e-01	-2.310452e-01	1.078435e-05	-1.071193e-04	-4.684989e-01	-2.343566e-01	-2.341423e-01
0.310007      	9.925044e-04	4.667128e-04	5.257916e-04	-2.174727e-04	-2.315466e-01	2.313292e-01	-2.314379e-01	-2.953941e-05	-5.611216e-05	-4.693522e-01	-2.347322e-01	-2.346200e-01
0.32          	3.918107e-04	1.019585e-04	2.898522e-04	-1.075380e-03	-2.322868e-01	2.312114e-01	-2.317491e-01	-9.394681e-05	4.385390e-05	-4.703432e-01	-2.351277e-01	-2.352155e-01
0.330009      	-8.095335e-04	-4.040911e-04	-4.054424e-04	-8.885391e-04	-2.315438e-01	2.306552e-01	-2.310995e-01	6.756822e-07	1.131375e-04	-4.686216e-01	-2.341977e-01	-2.344240e-01
0.34          	-1.023839e-03	-4.684896e-04	-5.553491e-04	2.338619e-04	-2.312392e-01	2.314730e-01	-2.313561e-01	4.342976e-05	5.915363e-05	-4.691617e-01	-2.345217e-01	-2.346400e-01
0.35002       	-3.611242e-04	-8.535485e-05	-2.757693e-04	1.046090e-03	-2.312473e-01	2.322934e-01	-2.317704e-01	9.520723e-05	-3.633483e-05	-4.703555e-01	-2.352141e-01	-2.351414e-01
0.36          	8.219551e-04	4.094799e-04	4.124752e-04	8.478147e-04	-2.307434e-01	2.315912e-01	-2.311673e-01	-1.497661e-06	-1.102716e-04	-4.687693e-01	-2.344949e-01	-2.342744e-01
0.370005      	1.013166e-03	4.558862e-04	5.572793e-04	-2.945476e-04	-2.314473e-01	2.311527e-01	-2.313000e-01	-5.069656e-05	-5.244898e-05	-4.690291e-01	-2.345670e-01	-2.344621e-01
0.38          	2.850771e-04	5.816164e-05	2.269155e-04	-1.031533e-03	-2.322753e-01	2.312438e-01	-2.317596e-01	-8.437692e-05	3.033453e-05	-4.703164e-01	-2.351279e-01	-2.351886e-01
0.390012      	-8.640245e-04	-4.248225e-04	-4.392021e-04	-8.334824e-04	-2.316353e-01	2.308018e-01	-2.312185e-01	7.189793e-06	1.138629e-04	-4.689010e-01	-2.343367e-01	-2.345644e-01
0.4           	-1.016833e-03	-4.489956e-04	-5.678375e-04	3.421197e-04	-2.310574e-01	2.313996e-01	-2.312285e-01	5.942094e-05	4.802975e-05	-4.688723e-01	-2.343881e-01	-2.344842e-01
0.410018      	-2.527756e-04	-4.351302e-05	-2.092625e-04	1.022016e-03	-2.312688e-01	2.322909e-01	-2.317798e-01	8.287476e-05	-2.482324e-05	-4.703201e-01	-2.351849e-01	-2.351352e-01
0.42          	8.844596e-04	4.329029e-04	4.515567e-04	8.060812e-04	-2.308744e-01	2.316805e-01	-2.312775e-01	-9.326913e-06	-1.122901e-04	-4.690474e-01	-2.346360e-01	-2.344114e-01
0.430003      	1.002565e-03	4.362021e-04	5.663627e-04	-3.873602e-04	-2.313594e-01	2.309720e-01	-2.311657e-01	-6.508029e-05	-4.511647e-05	-4.687195e-01	-2.344049e-01	-2.343147e-01
0.44          	1.859942e-04	1.895716e-05	1.670370e-04	-9.982459e-04	-2.322599e-01	2.312617e-01	-2.317608e-01	-7.403994e-05	1.615016e-05	-4.702680e-01	-2.351178e-01	-2.351501e-01
0.450015      	-9.187469e-04	-4.457046e-04	-4.730423e-04	-7.590208e-04	-2.317153e-01	2.309563e-01	-2.313358e-01	1.366884e-05	1.068379e-04	-4.692184e-01	-2.345023e-01	-2.347160e-01
0.46          	-9.951340e-04	-4.265422e-04	-5.685918e-04	4.232266e-04	-2.308839e-01	2.313071e-01	-2.310955e-01	7.102480e-05	4.444542e-05	-4.685524e-01	-2.342318e-01	-2.343207e-01
0.470016      	-1.542654e-04	-2.631290e-06	-1.516341e-04	9.936917e-04	-2.312674e-01	2.322611e-01	-2.317642e-01	7.450139e-05	-1.346225e-05	-4.702370e-01	-2.351320e-01	-2.351051e-01
0.48          	9.371581e-04	4.528837e-04	4.842743e-04	7.149049e-04	-2.310498e-01	2.317647e-01	-2.314072e-01	-1.569532e-05	-1.023507e-04	-4.693986e-01	-2.348016e-01	-2.345969e-01
0.490002      	9.834226e-04	4.149526e-04	5.684699e-04	-4.635915e-04	-2.312709e-01	2.308073e-01	-2.310391e-01	-7.675865e-05	-4.173006e-05	-4.684239e-01	-2.342537e-01	-2.341702e-01
0.5           	1.126715e-04	-1.632389e-05	1.289953e-04	-9.930048e-04	-2.322262e-01	2.312332e-01	-2.317297e-01	-7.265962e-05	1.334493e-05	-4.701434e-01	-2.350584e-01	-2.350850e-01
0.510017      	-9.634792e-04	-4.615944e-04	-5.018848e-04	-6.713580e-04	-2.318079e-01	2.311365e-01	-2.314722e-01	2.014522e-05	9.904915e-05	-4.695839e-01	-2.346929e-01	-2.348910e-01
0.52          	-9.904049e-04	-4.083229e-04	-5.820821e-04	4.994390e-04	-2.307522e-01	2.312516e-01	-2.310019e-01	8.687961e-05	3.885386e-05	-4.683511e-01	-2.341367e-01	-2.342144e-01
0.530015      	-6.410747e-05	3.714960e-05	-1.012571e-04	9.908227e-04	-2.312307e-01	2.322215e-01	-2.317261e-01	6.920334e-05	-1.173584e-05	-4.700929e-01	-2.350582e-01	-2.350347e-01
0.54          	9.775464e-04	4.670350e-04	5.105114e-04	6.356741e-04	-2.312043e-01	2.318400e-01	-2.315222e-01	-2.173818e-05	-9.858649e-05	-4.697309e-01	-2.349640e-01	-2.347669e-01
0.550001      	9.895563e-04	4.018696e-04	5.876867e-04	-5.446307e-04	-2.312586e-01	2.307140e-01	-2.309863e-01	-9.290858e-05	-3.269761e-05	-4.683290e-01	-2.341972e-01	-2.341318e-01
0.56          	2.190450e-05	-5.624057e-05	7.814507e-05	-9.962495e-04	-2.321786e-01	2.311823e-01	-2.316804e-01	-6.719282e-05	1.419162e-05	-4.699739e-01	-2.349728e-01	-2.350012e-01
0.570019      	-1.000593e-03	-4.742406e-04	-5.263520e-04	-6.068652e-04	-2.319217e-01	2.313148e-01	-2.316183e-01	2.605571e-05	1.019803e-04	-4.699550e-01	-2.348755e-01	-2.350795e-01
0.58          	-9.743504e-04	-3.927873e-04	-5.815631e-04	5.913600e-04	-2.306604e-01	2.312518e-01	-2.309561e-01	9.438792e-05	2.593854e-05	-4.682887e-01	-2.341184e-01	-2.341703e-01
0.590014      	2.347062e-05	7.779395e-05	-5.432333e-05	1.004073e-03	-2.311645e-01	2.321685e-01	-2.316665e-01	6.605864e-05	-1.746607e-05	-4.699116e-01	-2.349733e-01	-2.349383e-01
0.6           	1.006300e-03	4.768226e-04	5.294778e-04	5.703284e-04	-2.313866e-01	2.319569e-01	-2.316717e-01	-2.632760e-05	-1.006301e-04	-4.700988e-01	-2.351500e-01	-2.349488e-01
0.610002      	9.595567e-04	3.829273e-04	5.766294e-04	-6.351100e-04	-2.312678e-01	2.306327e-01	-2.309503e-01	-9.685103e-05	-2.088816e-05	-4.682750e-01	-2.341584e-01	-2.341166e-01
0.62          	-6.634841e-05	-9.682608e-05	3.047766e-05	-1.005473e-03	-2.321112e-01	2.311057e-01	-2.316085e-01	-6.365187e-05	1.941336e-05	-4.697626e-01	-2.348619e-01	-2.349007e-01
0.630021      	-1.025334e-03	-4.821797e-04	-5.431539e-04	-5.385939e-04	-2.320082e-01	2.314696e-01	-2.317389e-01	3.048707e-05	1.021260e-04	-4.702746e-01	-2.350352e-01	-2.352394e-01
0.64          	-9.498234e-04	-3.723742e-04	-5.774492e-04	6.664286e-04	-2.306657e-01	2.313321e-01	-2.309989e-01	1.025375e-04	1.979147e-05	-4.683731e-01	-2.341668e-01	-2.342063e-01
0.65001       	1.174084e-04	1.192438e-04	-1.835388e-06	1.001115e-03	-2.310697e-01	2.320708e-01	-2.315703e-01	6.053958e-05	-1.908043e-05	-4.696590e-01	-2.348486e-01	-2.348104e-01
0.66          	1.051659e-03	4.884170e-04	5.632418e-04	5.061263e-04	-2.314845e-01	2.319906e-01	-2.317375e-01	-3.741241e-05	-1.026605e-04	-4.703013e-01	-2.352533e-01	-2.350480e-01
0.670005      	9.294621e-04	3.586568e-04	5.708053e-04	-7.031847e-04	-2.313490e-01	2.306458e-01	-2.309974e-01	-1.060743e-04	-1.537452e-05	-4.683676e-01	-2.341992e-01	-2.341684e-01
0.68          	-1.631697e-04	-1.390460e-04	-2.412363e-05	-9.988736e-04	-2.319947e-01	2.309959e-01	-2.314953e-01	-5.746120e-05	2.263277e-05	-4.694829e-01	-2.347188e-01	-2.347641e-01
0.690021      	-1.065904e-03	-4.918287e-04	-5.740748e-04	-4.607695e-04	-2.319871e-01	2.315263e-01	-2.317567e-01	4.112305e-05	9.953700e-05	-4.703521e-01	-2.350765e-01	-2.352756e-01
0.7           	-9.147756e-04	-3.470998e-04	-5.676758e-04	7.387221e-04	-2.306647e-01	2.314034e-01	-2.310340e-01	1.102880e-04	1.175231e-05	-4.684497e-01	-2.342131e-01	-2.342366e-01
0.710007      	1.978940e-04	1.568912e-04	4.100275e-05	1.001910e-03	-2.309429e-01	2.319448e-01	-2.314438e-01	5.794423e-05	-2.936142e-05	-4.693594e-01	-2.347091e-01	-2.346503e-01
0.72          	1.074893e-03	4.932707e-04	5.816222e-04	4.235578e-04	-2.315233e-01	2.319469e-01	-2.317351e-01	-4.417573e-05	-9.891262e-05	-4.703004e-01	-2.352491e-01	-2.350513e-01
0.730008      	8.880041e-04	3.333266e-04	5.546775e-04	-7.927886e-04	-2.314629e-01	2.306701e-01	-2.310665e-01	-1.106755e-04	-1.512486e-06	-4.685284e-01	-2.342657e-01	-2.342627e-01
0.74          	-2.293252e-04	-1.736654e-04	-5.565982e-05	-1.007009e-03	-2.318736e-01	2.308666e-01	-2.313701e-01	-5.900279e-05	3.777757e-05	-4.691912e-01	-2.345578e-01	-2.346334e-01
0.75002       	-1.055041e-03	-4.892810e-04	-5.657602e-04	-3.587570e-04	-2.319418e-01	2.315831e-01	-2.317624e-01	3.823959e-05	9.226166e-05	-4.703390e-01	-2.350772e-01	-2.352618e-01
0.76          	-8.584716e-04	-3.179885e-04	-5.404831e-04	8.233581e-04	-2.307332e-01	2.315566e-01	-2.311449e-01	1.112473e-04	-1.622503e-06	-4.687128e-01	-2.343580e-01	-2.343548e-01
0.770005      	2.762782e-04	1.932026e-04	8.307555e-05	1.020614e-03	-2.308034e-01	2.318240e-01	-2.313137e-01	5.506355e-05	-4.976964e-05	-4.690587e-01	-2.345791e-01	-2.344796e-01
0.78          	1.041021e-03	4.871067e-04	5.539141e-04	3.139268e-04	-2.315884e-01	2.319023e-01	-2.317454e-01	-3.340372e-05	-8.936309e-05	-4.702830e-01	-2.352309e-01	-2.350521e-01
0.790012      	8.370450e-04	3.060324e-04	5.310126e-04	-8.538205e-04	-2.316196e-01	2.307658e-01	-2.311927e-01	-1.124901e-04	6.423586e-06	-4.688287e-01	-2.344079e-01	-2.344208e-01
0.8           	-3.278929e-04	-2.139237e-04	-1.139692e-04	-1.011474e-03	-2.317530e-01	2.307415e-01	-2.312473e-01	-4.997722e-05	5.632529e-05	-4.689144e-01	-2.344009e-01	-2.345135e-01
0.810018      	-1.022984e-03	-4.855693e-04	-5.374146e-04	-2.542917e-04	-2.319064e-01	2.316521e-01	-2.317793e-01	2.592266e-05	8.140346e-05	-4.703252e-01	-2.350812e-01	-2.352440e-01
0.82          	-8.136631e-04	-2.938556e-04	-5.198075e-04	8.793964e-04	-2.308207e-01	2.317001e-01	-2.312604e-01	1.129759e-04	-8.419520e-06	-4.690005e-01	-2.345087e-01	-2.344918e-01
0.830004      	3.749739e-04	2.338871e-04	1.410868e-04	1.008059e-03	-2.306813e-01	2.316894e-01	-2.311853e-01	4.640014e-05	-6.401340e-05	-4.687687e-01	-2.344484e-01	-2.343203e-01
0.84          	1.008673e-03	4.848844e-04	5.237886e-04	2.111882e-04	-2.316480e-01	2.318592e-01	-2.317536e-01	-1.945209e-05	-7.756491e-05	-4.702509e-01	-2.352030e-01	-2.350479e-01
0.850014      	7.755667e-04	2.790057e-04	4.965609e-04	-9.104800e-04	-2.317644e-01	2.308539e-01	-2.313091e-01	-1.087776e-04	1.296690e-05	-4.691408e-01	-2.345574e-01	-2.345834e-01
0.86          	-4.092509e-04	-2.505210e-04	-1.587299e-04	-9.959405e-04	-2.316129e-01	2.306169e-01	-2.311149e-01	-4.589557e-05	6.972088e-05	-4.686033e-01	-2.342319e-01	-2.343714e-01
0.870017      	-9.921740e-04	-4.825714e-04	-5.096026e-04	-1.581746e-04	-2.318487e-01	2.316905e-01	-2.317696e-01	1.351561e-05	7.312427e-05	-4.702588e-01	-2.350563e-01	-2.352025e-01
0.88          	-7.261364e-04	-2.599902e-04	-4.661461e-04	9.307088e-04	-2.309223e-01	2.318530e-01	-2.313877e-01	1.030780e-04	-1.450279e-05	-4.693470e-01	-2.346880e-01	-2.346590e-01
0.890002      	4.491132e-04	2.682789e-04	1.808344e-04	9.839252e-04	-2.305669e-01	2.315508e-01	-2.310589e-01	4.372225e-05	-7.484397e-05	-4.684688e-01	-2.343092e-01	-2.341595e-01
0.9           	9.970497e-04	4.841720e-04	5.128777e-04	1.304754e-04	-2.316657e-01	2.317962e-01	-2.317310e-01	-1.435285e-05	-7.404994e-05	-4.701472e-01	-2.351477e-01	-2.349996e-01
0.910016      	6.852354e-04	2.426223e-04	4.426131e-04	-9.595414e-04	-2.319267e-01	2.309672e-01	-2.314469e-01	-9.999545e-05	1.958394e-05	-4.695129e-01	-2.347369e-01	-2.347760e-01
0.92          	-4.870589e-04	-2.840959e-04	-2.029630e-04	-9.896298e-04	-2.315081e-01	2.305185e-01	-2.310133e-01	-4.056643e-05	8.455647e-05	-4.683806e-01	-2.341057e-01	-2.342748e-01
0.930015      	-9.869700e-04	-4.826462e-04	-5.043238e-04	-7.238810e-05	-2.317704e-01	2.316980e-01	-2.317342e-01	1.083880e-05	6.907472e-05	-4.701245e-01	-2.349932e-01	-2.351313e-01
0.94          	-6.473495e-04	-2.250120e-04	-4.223375e-04	9.721285e-04	-2.310089e-01	2.319810e-01	-2.314950e-01	9.866276e-05	-2.110981e-05	-4.696571e-01	-2.348496e-01	-2.348074e-01
0.950001      	5.336670e-04	3.005080e-04	2.331590e-04	9.947191e-04	-2.304918e-01	2.314865e-01	-2.309891e-01	3.367447e-05	-9.213403e-05	-4.683214e-01	-2.342528e-01	-2.340686e-01
0.96          	9.895904e-04	4.828467e-04	5.067437e-04	2.914301e-05	-2.316771e-01	2.317062e-01	-2.316917e-01	-1.194849e-05	-6.673978e-05	-4.700114e-01	-2.350724e-01	-2.349390e-01
0.970018      	6.105511e-04	2.053466e-04	4.052046e-04	-9.932444e-04	-2.320958e-01	2.311026e-01	-2.315992e-01	-9.992901e-05	2.456162e-05	-4.699104e-01	-2.349307e-01	-2.349798e-01
0.98          	-5.742498e-04	-3.149778e-04	-2.592721e-04	-9.837446e-04	-2.314444e-01	2.304607e-01	-2.309525e-01	-2.785286e-05	9.436602e-05	-4.682692e-01	-2.340402e-01	-2.342289e-01
0.990014      	-1.006414e-03	-4.854859e-04	-5.209286e-04	6.144627e-06	-2.316721e-01	2.316782e-01	-2.316751e-01	1.772137e-05	6.733747e-05	-4.699307e-01	-2.348980e-01	-2.350327e-01
1             	-5.799541e-04	-1.896253e-04	-3.903289e-04	1.002171e-03	-2.311531e-01	2.321553e-01	-2.316542e-01	1.003518e-04	-2.537052e-05	-4.700574e-01	-2.350541e-01	-2.350033e-01
1.01          	6.259238e-04	3.347517e-04	2.911722e-04	9.589159e-04	-2.304665e-01	2.314254e-01	-2.309459e-01	2.178973e-05	-9.525998e-05	-4.682705e-01	-2.342305e-01	-2.340400e-01
1.02          	1.006599e-03	4.850635e-04	5.215360e-04	-5.316490e-05	-2.316456e-01	2.315924e-01	-2.316190e-01	-1.823624e-05	-6.390446e-05	-4.697920e-01	-2.349599e-01	-2.348321e-01
1.03002       	5.510643e-04	1.727456e-04	3.783187e-04	-1.021430e-03	-2.322372e-01	2.312157e-01	-2.317265e-01	-1.027865e-04	2.978414e-05	-4.702323e-01	-2.350864e-01	-2.351459e-01
1.04          	-6.570902e-04	-3.485167e-04	-3.085735e-04	-9.557067e-04	-2.314659e-01	2.305102e-01	-2.309880e-01	-1.997163e-05	1.010519e-04	-4.683455e-01	-2.340717e-01	-2.342738e-01
1.05001       	-1.008201e-03	-4.840161e-04	-5.241853e-04	9.706521e-05	-2.315329e-01	2.316299e-01	-2.315814e-01	2.008460e-05	6.269797e-05	-4.696809e-01	-2.347777e-01	-2.349031e-01
1.06          	-5.121285e-04	-1.548187e-04	-3.573098e-04	1.039913e-03	-2.312158e-01	2.322558e-01	-2.317358e-01	1.012456e-04	-3.389415e-05	-4.702955e-01	-2.351816e-01	-2.351138e-01
1.07          	6.903167e-04	3.625677e-04	3.277490e-04	9.332501e-04	-2.305298e-01	2.314630e-01	-2.309964e-01	1.740939e-05	-1.046577e-04	-4.683692e-01	-2.342893e-01	-2.340799e-01
1.08          	1.002301e-03	4.793003e-04	5.230002e-04	-1.486501e-04	-2.315856e-01	2.314370e-01	-2.315113e-01	-2.184996e-05	-5.807058e-05	-4.695136e-01	-2.348149e-01	-2.346987e-01
1.09002       	4.756058e-04	1.366826e-04	3.389233e-04	-1.065471e-03	-2.322857e-01	2.312202e-01	-2.317529e-01	-1.011204e-04	4.129708e-05	-4.703396e-01	-2.351285e-01	-2.352111e-01
1.1           	-7.302800e-04	-3.773803e-04	-3.528997e-04	-9.223409e-04	-2.314849e-01	2.305626e-01	-2.310237e-01	-1.224028e-05	1.097613e-04	-4.684212e-01	-2.341008e-01	-2.343204e-01
1.11001       	-1.004222e-03	-4.747044e-04	-5.295178e-04	1.873096e-04	-2.313633e-01	2.315506e-01	-2.314569e-01	2.740667e-05	5.762729e-05	-4.693833e-01	-2.346340e-01	-2.347493e-01
1.12          	-4.327688e-04	-1.179589e-04	-3.148099e-04	1.073116e-03	-2.312036e-01	2.322767e-01	-2.317401e-01	9.842550e-05	-4.336780e-05	-4.703171e-01	-2.352019e-01	-2.351152e-01
1.13001       	7.745536e-04	3.925171e-04	3.820365e-04	8.958521e-04	-2.306039e-01	2.314997e-01	-2.310518e-01	5.240314e-06	-1.108685e-04	-4.684986e-01	-2.343602e-01	-2.341384e-01
1.14          	1.007499e-03	4.685093e-04	5.389897e-04	-2.182648e-04	-2.314951e-01	2.312768e-01	-2.313859e-01	-3.524020e-05	-5.891464e-05	-4.692219e-01	-2.346699e-01	-2.345521e-01
1.15002       	3.812720e-04	9.509353e-05	2.861785e-04	-1.063910e-03	-2.322904e-01	2.312265e-01	-2.317584e-01	-9.554249e-05	4.085956e-05	-4.703340e-01	-2.351261e-01	-2.352079e-01
1.16          	-8.175643e-04	-4.070625e-04	-4.105019e-04	-8.677476e-04	-2.315551e-01	2.306873e-01	-2.311212e-01	1.719699e-06	1.108306e-04	-4.686507e-01	-2.342145e-01	-2.344362e-01
1.17001       	-1.021837e-03	-4.639216e-04	-5.579159e-04	2.611710e-04	-2.311970e-01	2.314581e-01	-2.313276e-01	4.699714e-05	5.626233e-05	-4.690811e-01	-2.344843e-01	-2.345968e-01
1.18          	-3.266217e-04	-7.317995e-05	-2.534418e-04	1.045026e-03	-2.312207e-01	2.322657e-01	-2.317432e-01	9.013090e-05	-3.547174e-05	-4.702852e-01	-2.351781e-01	-2.351071e-01
1.19001       	8.427952e-04	4.173425e-04	4.254528e-04	8.437448e-04	-2.307567e-01	2.316005e-01	-2.311786e-01	-4.055156e-06	-1.128718e-04	-4.688012e-01	-2.345135e-01	-2.342877e-01
1.2           	1.017805e-03	4.541635e-04	5.636416e-04	-3.137378e-04	-2.314183e-01	2.311046e-01	-2.312614e-01	-5.473904e-05	-5.050156e-05	-4.689391e-01	-2.345200e-01	-2.344190e-01
1.21002       	2.745472e-04	5.255146e-05	2.219958e-04	-1.030647e-03	-2.322905e-01	2.312598e-01	-2.317751e-01	-8.472216e-05	2.893832e-05	-4.703202e-01	-2.351312e-01	-2.351890e-01
1.22          	-8.710682e-04	-4.274193e-04	-4.436489e-04	-8.238036e-04	-2.316530e-01	2.308292e-01	-2.312411e-01	8.114807e-06	1.130306e-04	-4.689420e-01	-2.343580e-01	-2.345840e-01
1.23          	-1.010229e-03	-4.435238e-04	-5.667047e-04	3.625640e-04	-2.310204e-01	2.313830e-01	-2.312017e-01	6.159043e-05	4.662391e-05	-4.688015e-01	-2.343541e-01	-2.344474e-01
1.24          	-2.226273e-04	-3.308159e-05	-1.895457e-04	1.010920e-03	-2.312509e-01	2.322618e-01	-2.317564e-01	7.823205e-05	-2.088710e-05	-4.702685e-01	-2.351551e-01	-2.351133e-01
1.25001       	8.991704e-04	4.389472e-04	4.602233e-04	7.877694e-04	-2.309001e-01	2.316879e-01	-2.312940e-01	-1.063805e-05	-1.106657e-04	-4.691026e-01	-2.346619e-01	-2.344406e-01
1.26          	1.001635e-03	4.326094e-04	5.690252e-04	-3.991778e-04	-2.313298e-01	2.309307e-01	-2.311303e-01	-6.820790e-05	-4.536001e-05	-4.686355e-01	-2.343631e-01	-2.342724e-01
1.27002       	1.756454e-04	1.329782e-05	1.623476e-04	-9.985378e-04	-2.322702e-01	2.312716e-01	-2.317709e-01	-7.452490e-05	1.565064e-05	-4.702615e-01	-2.351151e-01	-2.351464e-01
1.28          	-9.280528e-04	-4.491369e-04	-4.789159e-04	-7.449121e-04	-2.317339e-01	2.309890e-01	-2.313615e-01	1.488947e-05	1.055115e-04	-4.692747e-01	-2.345318e-01	-2.347429e-01
1.29          	-9.881443e-04	-4.211922e-04	-5.669521e-04	4.390684e-04	-2.308555e-01	2.312946e-01	-2.310750e-01	7.287992e-05	4.370427e-05	-4.684961e-01	-2.342044e-01	-2.342918e-01
1.3           	-1.353620e-04	5.469777e-06	-1.408318e-04	9.912996e-04	-2.312427e-01	2.322340e-01	-2.317384e-01	7.315078e-05	-1.303522e-05	-4.701775e-01	-2.351018e-01	-2.350757e-01
1.31002       	9.489952e-04	4.569776e-04	4.920176e-04	6.938375e-04	-2.310856e-01	2.317794e-01	-2.314325e-01	-1.752000e-05	-1.000315e-04	-4.694748e-01	-2.348374e-01	-2.346374e-01
1.32          	9.890880e-04	4.134416e-04	5.756464e-04	-4.784671e-04	-2.312559e-01	2.307774e-01	-2.310166e-01	-8.110242e-05	-4.074698e-05	-4.683789e-01	-2.342302e-01	-2.341487e-01
1.33002       	9.528993e-05	-2.411722e-05	1.194071e-04	-9.924782e-04	-2.322327e-01	2.312403e-01	-2.317365e-01	-7.176219e-05	1.236080e-05	-4.701335e-01	-2.350544e-01	-2.350791e-01
1.34          	-9.655089e-04	-4.624375e-04	-5.030715e-04	-6.583878e-04	-2.318038e-01	2.311454e-01	-2.314746e-01	2.031701e-05	9.876090e-05	-4.696072e-01	-2.347048e-01	-2.349024e-01
1.35          	-9.895840e-04	-4.049763e-04	-5.846078e-04	5.109906e-04	-2.307477e-01	2.312587e-01	-2.310032e-01	8.981576e-05	3.835069e-05	-4.683576e-01	-2.341405e-01	-2.342172e-01
1.36          	-4.552913e-05	4.504261e-05	-9.057174e-05	9.904324e-04	-2.312031e-01	2.321935e-01	-2.316983e-01	6.780717e-05	-1.139839e-05	-4.700286e-01	-2.350257e-01	-2.350029e-01
1.37002       	9.922656e-04	4.712893e-04	5.209763e-04	6.267603e-04	-2.312573e-01	2.318841e-01	-2.315707e-01	-2.484350e-05	-1.014106e-04	-4.698381e-01	-2.350205e-01	-2.348176e-01
1.38          	9.860712e-04	3.991268e-04	5.869443e-04	-5.578470e-04	-2.312441e-01	2.306863e-01	-2.309652e-01	-9.390874e-05	-3.098147e-05	-4.682948e-01	-2.341784e-01	-2.341164e-01
1.39001       	2.438089e-06	-6.586861e-05	6.830670e-05	-9.996932e-04	-2.321876e-01	2.311879e-01	-2.316877e-01	-6.708766e-05	1.587809e-05	-4.699733e-01	-2.349708e-01	-2.350025e-01
1.4           	-1.002712e-03	-4.753850e-04	-5.273267e-04	-5.958754e-04	-2.319251e-01	2.313292e-01	-2.316271e-01	2.597085e-05	1.020309e-04	-4.699883e-01	-2.348921e-01	-2.350962e-01
1.41          	-9.640067e-04	-3.880501e-04	-5.759566e-04	6.162915e-04	-2.306092e-01	2.312255e-01	-2.309174e-01	9.395322e-05	2.158024e-05	-4.682018e-01	-2.340793e-01	-2.341225e-01
1.42          	4.328073e-05	8.564419e-05	-4.236345e-05	1.003810e-03	-2.311330e-01	2.321368e-01	-2.316349e-01	6.400382e-05	-1.737292e-05	-4.698411e-01	-2.349379e-01	-2.349032e-01
1.43002       	1.013368e-03	4.788582e-04	5.345095e-04	5.521494e-04	-2.314448e-01	2.319970e-01	-2.317209e-01	-2.782565e-05	-9.992357e-05	-4.702136e-01	-2.352067e-01	-2.350069e-01
1.44          	9.571088e-04	3.790440e-04	5.780648e-04	-6.437283e-04	-2.313058e-01	2.306621e-01	-2.309839e-01	-9.951038e-05	-2.208414e-05	-4.683448e-01	-2.341945e-01	-2.341503e-01
1.45001       	-8.591031e-05	-1.059777e-04	2.006735e-05	-1.005805e-03	-2.321013e-01	2.310955e-01	-2.315984e-01	-6.302250e-05	1.939658e-05	-4.697313e-01	-2.348462e-01	-2.348850e-01
1.46          	-1.034989e-03	-4.847678e-04	-5.502213e-04	-5.311509e-04	-2.319918e-01	2.314606e-01	-2.317262e-01	3.272672e-05	1.034632e-04	-4.702622e-01	-2.350277e-01	-2.352346e-01
1.47          	-9.409454e-04	-3.669463e-04	-5.739991e-04	6.832338e-04	-2.306456e-01	2.313289e-01	-2.309873e-01	1.035264e-04	1.716180e-05	-4.683459e-01	-2.341558e-01	-2.341901e-01
1.48          	1.368374e-04	1.272031e-04	9.634276e-06	9.981052e-04	-2.310385e-01	2.320366e-01	-2.315376e-01	5.878442e-05	-1.997549e-05	-4.695813e-01	-2.348106e-01	-2.347707e-01
1.49002       	1.059537e-03	4.902066e-04	5.693307e-04	4.834507e-04	-2.315171e-01	2.320005e-01	-2.317588e-01	-3.956202e-05	-1.002511e-04	-4.703540e-01	-2.352773e-01	-2.350768e-01
1.5           	9.270447e-04	3.545424e-04	5.725023e-04	-7.144238e-04	-2.313770e-01	2.306626e-01	-2.310198e-01	-1.089799e-04	-1.505764e-05	-4.684165e-01	-2.342233e-01	-2.341932e-01
1.51001       	-1.789435e-04	-1.469223e-04	-3.202124e-05	-9.994285e-04	-2.319783e-01	2.309789e-01	-2.314786e-01	-5.745053e-05	2.463027e-05	-4.694413e-01	-2.346960e-01	-2.347453e-01
1.52          	-1.075287e-03	-4.937211e-04	-5.815664e-04	-4.534149e-04	-2.319656e-01	2.315122e-01	-2.317389e-01	4.392267e-05	1.010779e-04	-4.703128e-01	-2.350553e-01	-2.352575e-01
1.53001       	-9.046643e-04	-3.419695e-04	-5.626948e-04	7.611470e-04	-2.306521e-01	2.314133e-01	-2.310327e-01	1.103627e-04	7.310254e-06	-4.684513e-01	-2.342183e-01	-2.342330e-01
1.54          	2.104655e-04	1.634772e-04	4.698830e-05	1.001766e-03	-2.309096e-01	2.319113e-01	-2.314104e-01	5.824446e-05	-3.195871e-05	-4.692865e-01	-2.346752e-01	-2.346113e-01
1.55002       	1.064138e-03	4.907988e-04	5.733391e-04	3.919245e-04	-2.315690e-01	2.319609e-01	-2.317650e-01	-4.127018e-05	-9.496692e-05	-4.703570e-01	-2.352735e-01	-2.350835e-01
1.56          	8.771669e-04	3.270987e-04	5.500682e-04	-8.049111e-04	-2.315074e-01	2.307025e-01	-2.311050e-01	-1.114848e-04	-6.144724e-07	-4.686162e-01	-2.343087e-01	-2.343075e-01
1.57001       	-2.477863e-04	-1.815036e-04	-6.628274e-05	-1.014711e-03	-2.318580e-01	2.308433e-01	-2.313507e-01	-5.761043e-05	4.312055e-05	-4.691403e-01	-2.345270e-01	-2.346133e-01
1.58          	-1.053398e-03	-4.887433e-04	-5.646545e-04	-3.467554e-04	-2.319091e-01	2.315624e-01	-2.317358e-01	3.795560e-05	9.265218e-05	-4.702731e-01	-2.350439e-01	-2.352292e-01
1.59001       	-8.504264e-04	-3.136230e-04	-5.368034e-04	8.363832e-04	-2.307402e-01	2.315766e-01	-2.311584e-01	1.115902e-04	-3.952551e-06	-4.687478e-01	-2.343779e-01	-2.343699e-01
1.6           	2.961773e-04	2.010139e-04	9.516345e-05	1.018612e-03	-2.307745e-01	2.317931e-01	-2.312838e-01	5.292520e-05	-5.283639e-05	-4.689959e-01	-2.345508e-01	-2.344451e-01
1.61002       	1.029543e-03	4.852280e-04	5.443147e-04	2.841106e-04	-2.316343e-01	2.319184e-01	-2.317763e-01	-2.954336e-05	-8.468248e-05	-4.703340e-01	-2.352517e-01	-2.350823e-01
1.62          	8.295973e-04	3.013486e-04	5.282487e-04	-8.604601e-04	-2.316566e-01	2.307962e-01	-2.312264e-01	-1.134500e-04	6.242124e-06	-4.689070e-01	-2.344473e-01	-2.344598e-01
1.63          	-3.485969e-04	-2.224253e-04	-1.261716e-04	-1.008194e-03	-2.317306e-01	2.307225e-01	-2.312265e-01	-4.812688e-05	5.889065e-05	-4.688661e-01	-2.343741e-01	-2.344919e-01
1.64          	-1.021701e-03	-4.864584e-04	-5.352430e-04	-2.422600e-04	-2.318751e-01	2.316328e-01	-2.317539e-01	2.439231e-05	8.064050e-05	-4.702643e-01	-2.350515e-01	-2.352128e-01
1.65001       	-8.018664e-04	-2.890856e-04	-5.127808e-04	8.932224e-04	-2.308273e-01	2.317205e-01	-2.312739e-01	1.118476e-04	-1.064576e-05	-4.690434e-01	-2.345323e-01	-2.345111e-01
1.66          	3.876139e-04	2.400888e-04	1.475251e-04	1.004184e-03	-2.306510e-01	2.316552e-01	-2.311531e-01	4.628186e-05	-6.667803e-05	-4.686966e-01	-2.344150e-01	-2.342816e-01
1.67002       	9.969001e-04	4.828544e-04	5.140457e-04	1.834183e-04	-2.316854e-01	2.318688e-01	-2.317771e-01	-1.559567e-05	-7.420903e-05	-4.702880e-01	-2.352182e-01	-2.350698e-01
1.68          	7.564921e-04	2.714672e-04	4.850249e-04	-9.188268e-04	-2.318039e-01	2.308850e-01	-2.313444e-01	-1.067788e-04	1.345674e-05	-4.692316e-01	-2.346023e-01	-2.346292e-01
1.69          	-4.255729e-04	-2.580179e-04	-1.675550e-04	-9.918122e-04	-2.315913e-01	2.305995e-01	-2.310954e-01	-4.523145e-05	7.163390e-05	-4.685513e-01	-2.342040e-01	-2.343473e-01
1.7           	-9.952467e-04	-4.834160e-04	-5.118307e-04	-1.498729e-04	-2.318164e-01	2.316666e-01	-2.317415e-01	1.420733e-05	7.381969e-05	-4.701862e-01	-2.350193e-01	-2.351669e-01
1.71002       	-7.075213e-04	-2.524770e-04	-4.550443e-04	9.421691e-04	-2.309380e-01	2.318802e-01	-2.314091e-01	1.012837e-04	-1.658261e-05	-4.694087e-01	-2.347209e-01	-2.346877e-01
1.72          	4.647972e-04	2.748695e-04	1.899278e-04	9.857536e-04	-2.305382e-01	2.315240e-01	-2.310311e-01	4.247083e-05	-7.861723e-05	-4.684150e-01	-2.342861e-01	-2.341289e-01
1.73002       	9.902987e-04	4.830858e-04	5.072129e-04	1.053092e-04	-2.316915e-01	2.317968e-01	-2.317442e-01	-1.206353e-05	-7.232093e-05	-4.701662e-01	-2.351554e-01	-2.350108e-01
1.74          	6.719825e-04	2.366033e-04	4.353791e-04	-9.644916e-04	-2.319285e-01	2.309640e-01	-2.314463e-01	-9.938790e-05	2.049224e-05	-4.695330e-01	-2.347460e-01	-2.347870e-01
1.75          	-5.022381e-04	-2.898809e-04	-2.123571e-04	-9.900880e-04	-2.315014e-01	2.305113e-01	-2.310063e-01	-3.876191e-05	8.756453e-05	-4.683550e-01	-2.340900e-01	-2.342651e-01
1.76          	-9.886522e-04	-4.826487e-04	-5.060035e-04	-5.550062e-05	-2.317358e-01	2.316803e-01	-2.317080e-01	1.167741e-05	6.790317e-05	-4.700581e-01	-2.349612e-01	-2.350970e-01
1.77002       	-6.326832e-04	-2.166500e-04	-4.160332e-04	9.842777e-04	-2.310597e-01	2.320440e-01	-2.315519e-01	9.969161e-05	-2.321158e-05	-4.697923e-01	-2.349194e-01	-2.348729e-01
1.78          	5.509262e-04	3.062577e-04	2.446685e-04	9.905602e-04	-2.304744e-01	2.314649e-01	-2.309697e-01	3.079460e-05	-9.310667e-05	-4.682900e-01	-2.342381e-01	-2.340519e-01
1.79001       	9.999279e-04	4.843804e-04	5.155475e-04	1.837236e-05	-2.316836e-01	2.317019e-01	-2.316928e-01	-1.558358e-05	-6.786848e-05	-4.699871e-01	-2.350614e-01	-2.349257e-01
1.8           	6.003026e-04	1.998297e-04	4.004730e-04	-9.984043e-04	-2.321072e-01	2.311088e-01	-2.316080e-01	-1.003216e-04	2.523847e-05	-4.699434e-01	-2.349465e-01	-2.349969e-01
1.81          	-5.980826e-04	-3.238141e-04	-2.742685e-04	-9.700850e-04	-2.313549e-01	2.303849e-01	-2.308699e-01	-2.477282e-05	9.427247e-05	-4.681051e-01	-2.339583e-01	-2.341468e-01
1.82          	-1.006052e-03	-4.855229e-04	-5.205288e-04	2.450657e-05	-2.316326e-01	2.316571e-01	-2.316449e-01	1.750294e-05	6.578723e-05	-4.698638e-01	-2.348661e-01	-2.349977e-01
1.83002       	-5.656926e-04	-1.818713e-04	-3.838213e-04	1.008866e-03	-2.311928e-01	2.322017e-01	-2.316972e-01	1.009750e-04	-2.699744e-05	-4.701511e-01	-2.351025e-01	-2.350485e-01
